# 2theta_deg intensity
0.0800000000 8.8810374237890000e-01
0.0866259033 8.8592506402318172e-01
0.0932518066 8.8956777289824118e-01
0.0998777098 9.0119100258771945e-01
0.1065036131 8.8891841223911516e-01
0.1131295164 9.0240361913545197e-01
0.1197554197 8.8553477255210655e-01
0.1263813230 8.9839920513245697e-01
0.1330072262 8.8920989804072825e-01
0.1396331295 8.7588597007916169e-01
0.1462590328 8.8830189570038509e-01
0.1528849361 8.9802389162288865e-01
0.1595108394 8.8973754112517556e-01
0.1661367426 8.8732801354825963e-01
0.1727626459 8.6237464761907878e-01
0.1793885492 8.8263508629772891e-01
0.1860144525 8.6851102597459406e-01
0.1926403558 8.8295458851565811e-01
0.1992662590 8.8017674143352709e-01
0.2058921623 8.6873833947074852e-01
0.2125180656 8.6302308885310375e-01
0.2191439689 8.7284027450613977e-01
0.2257698722 8.7698099429580501e-01
0.2323957754 8.5890406715325307e-01
0.2390216787 8.6692185041749037e-01
0.2456475820 8.8087330794114327e-01
0.2522734853 8.6800318753855732e-01
0.2588993885 8.6868182115760539e-01
0.2655252918 8.4110385259014953e-01
0.2721511951 8.6331359459131829e-01
0.2787770984 8.7074941828853425e-01
0.2854030017 8.6284216923597490e-01
0.2920289049 8.4608420480399449e-01
0.2986548082 8.5548866457264572e-01
0.3052807115 8.5871909706282112e-01
0.3119066148 8.4215175718662583e-01
0.3185325181 8.5755859852233585e-01
0.3251584213 8.5368566848150818e-01
0.3317843246 8.6221777842871317e-01
0.3384102279 8.5206965190683670e-01
0.3450361312 8.5223760014841632e-01
0.3516620345 8.4880480621281629e-01
0.3582879377 8.2840956330334026e-01
0.3649138410 8.4151911962258752e-01
0.3715397443 8.3780549693033890e-01
0.3781656476 8.3706785744651213e-01
0.3847915509 8.2864163593323503e-01
0.3914174541 8.4109766855116042e-01
0.3980433574 8.3579109924604300e-01
0.4046692607 8.3613085305617962e-01
0.4112951640 8.3503882819889896e-01
0.4179210673 8.1534795231164781e-01
0.4245469705 8.3227822170041010e-01
0.4311728738 8.2585518846342365e-01
0.4377987771 8.2255393039664160e-01
0.4444246804 8.1901631192599689e-01
0.4510505837 8.2301653747197701e-01
0.4576764869 8.1516294068372819e-01
0.4643023902 8.0738857548699183e-01
0.4709282935 8.0968003614595185e-01
0.4775541968 7.9651079615875020e-01
0.4841801001 8.0721067250665113e-01
0.4908060033 7.9335663137556389e-01
0.4974319066 8.0345404251978969e-01
0.5040578099 7.7570967600851681e-01
0.5106837132 7.8519154554086601e-01
0.5173096165 7.7632108679116729e-01
0.5239355197 7.7717618417069023e-01
0.5305614230 7.8955937614391714e-01
0.5371873263 7.6370315438541170e-01
0.5438132296 7.6003539362640027e-01
0.5504391329 7.4199407448130217e-01
0.5570650361 7.5543671764824893e-01
0.5636909394 7.4549019772699898e-01
0.5703168427 7.2780289648808705e-01
0.5769427460 7.1651341696757564e-01
0.5835686492 7.1618477376756584e-01
0.5901945525 7.1458189722093901e-01
0.5968204558 6.8624812399695079e-01
0.6034463591 6.7421040292273215e-01
0.6100722624 6.4192032521550191e-01
0.6166981656 6.1248026338347905e-01
0.6233240689 5.7020364198843387e-01
0.6299499722 5.2084950168419841e-01
0.6365758755 4.5669289172702404e-01
0.6432017788 3.9741491482338998e-01
0.6498276820 3.4212902982699150e-01
0.6564535853 3.0077822252398195e-01
0.6630794886 2.6705902959139405e-01
0.6697053919 2.3550102486163088e-01
0.6763312952 2.1058776151460964e-01
0.6829571984 1.9068957273222506e-01
0.6895831017 1.7977594867163754e-01
0.6962090050 1.6483925679486691e-01
0.7028349083 1.4634312186247123e-01
0.7094608116 1.3021973731061123e-01
0.7160867148 1.3297084899221648e-01
0.7227126181 1.2671089621271289e-01
0.7293385214 1.1071356378444602e-01
0.7359644247 9.6301231330661971e-02
0.7425903280 9.3824320344143272e-02
0.7492162312 9.8941059827151220e-02
0.7558421345 9.6926862334841504e-02
0.7624680378 8.4147272058368208e-02
0.7690939411 6.9589862396073260e-02
0.7757198444 6.5215557073116090e-02
0.7823457476 7.0962003513302105e-02
0.7889716509 7.6991645854399271e-02
0.7955975542 7.0586785625270820e-02
0.8022234575 5.7787181102668200e-02
0.8088493608 4.9037797320674120e-02
0.8154752640 4.9570464638338536e-02
0.8221011673 5.7586517703440837e-02
0.8287270706 6.2385078149967729e-02
0.8353529739 5.7371767423364306e-02
0.8419788772 4.5841518122115496e-02
0.8486047804 3.5587296189225140e-02
0.8552306837 3.5976676110890060e-02
0.8618565870 4.3108318617300370e-02
0.8684824903 4.9930215941653186e-02
0.8751083936 5.0985518278094409e-02
0.8817342968 4.1140349524853410e-02
0.8883602001 3.0708790869578496e-02
0.8949861034 2.5909798425007863e-02
0.9016120067 3.0276727723744526e-02
0.9082379099 3.9452737985308482e-02
0.9148638132 4.3497056548744417e-02
0.9214897165 4.1787714292945727e-02
0.9281156198 3.2042098811616578e-02
0.9347415231 2.3320010045874119e-02
0.9413674263 2.0109484437142711e-02
0.9479933296 2.5625890403494545e-02
0.9546192329 3.3663805973640742e-02
0.9612451362 3.9394300148645194e-02
0.9678710395 3.6576163237645239e-02
0.9744969427 2.8049667387731250e-02
0.9811228460 1.9175796501083878e-02
0.9877487493 1.6128647919169799e-02
0.9943746526 2.0790247620702494e-02
1.0010005559 2.9157869929262791e-02
1.0076264591 3.6202497442425395e-02
1.0142523624 3.5468636524099019e-02
1.0208782657 2.9069317145010581e-02
1.0275041690 1.8987665270322848e-02
1.0341300723 1.3835762211200394e-02
1.0407559755 1.5860056093389575e-02
1.0473818788 2.4537077973251914e-02
1.0540077821 3.3465628695768614e-02
1.0606336854 3.6033161506303597e-02
1.0672595887 3.2101062616556764e-02
1.0738854919 2.2812221753973599e-02
1.0805113952 1.4351161077965208e-02
1.0871372985 1.2438455522214575e-02
1.0937632018 1.8791823148673774e-02
1.1003891051 2.9144213750944285e-02
1.1070150083 3.7504877308097838e-02
1.1136409116 3.8176889603817106e-02
1.1202668149 3.0881697174302704e-02
1.1268927182 1.9599872255699580e-02
1.1335186215 1.2521349198870983e-02
1.1401445247 1.3446299935791332e-02
1.1467704280 2.4134646164618277e-02
1.1533963313 3.6829354740909620e-02
1.1600222346 4.4569451291834504e-02
1.1666481379 4.3107489682512122e-02
1.1732740411 3.2001277458534927e-02
1.1798999444 1.9315377879719004e-02
1.1865258477 1.2471107351237985e-02
1.1931517510 1.7893734606308550e-02
1.1997776543 3.3680141198729606e-02
1.2064035575 5.0112169661939397e-02
1.2130294608 5.9398435610906811e-02
1.2196553641 5.4287912734400270e-02
1.2262812674 3.8499083787270079e-02
1.2329071707 2.1582624913190789e-02
1.2395330739 1.6378855508697100e-02
1.2461589772 2.9571483617872325e-02
1.2527848805 5.6782839022673351e-02
1.2594107838 8.1549161724045291e-02
1.2660366870 9.2509215343487050e-02
1.2726625903 7.9769292424067037e-02
1.2792884936 5.3552871311406090e-02
1.2859143969 3.0028498661050413e-02
1.2925403002 3.5720239672603245e-02
1.2991662034 8.0865813012298560e-02
1.3057921067 1.3873832305917297e-01
1.3124180100 1.8348273005217500e-01
1.3190439133 1.8458563281920659e-01
1.3256698166 1.3400617725261271e-01
1.3322957198 8.4487091656057625e-02
1.3389216231 1.5093324963818275e-01
1.3455475264 3.3608026448988665e-01
1.3521734297 5.2407559613839194e-01
1.3587993330 6.3700444888347751e-01
1.3654252362 6.9175603292471044e-01
1.3720511395 7.2052058946833486e-01
1.3786770428 7.2478138351645793e-01
1.3853029461 7.2079169826456757e-01
1.3919288494 7.2703624742850925e-01
1.3985547526 7.2562278283831949e-01
1.4051806559 6.9693028502817844e-01
1.4118065592 6.8684454428846309e-01
1.4184324625 6.8157016195742293e-01
1.4250583658 6.5194248785946807e-01
1.4316842690 6.4434320527466094e-01
1.4383101723 6.2584202594238247e-01
1.4449360756 5.8865348579449639e-01
1.4515619789 5.4592443678507874e-01
1.4581878822 4.7740825873753745e-01
1.4648137854 4.1240638080940195e-01
1.4714396887 3.1524774550070339e-01
1.4780655920 2.1183603621290481e-01
1.4846914953 1.2952406083080295e-01
1.4913173986 9.4989270078001758e-02
1.4979433018 1.0030289719667260e-01
1.5045692051 1.1196733121121941e-01
1.5111951084 1.0777568409322617e-01
1.5178210117 8.7431367450788555e-02
1.5244469150 5.7688839104182987e-02
1.5310728182 3.3188849935160677e-02
1.5376987215 2.3970179244205247e-02
1.5443246248 2.7707364407050756e-02
1.5509505281 3.8539862019255043e-02
1.5575764314 4.6586266431904430e-02
1.5642023346 4.5153991422118490e-02
1.5708282379 3.6783818534529999e-02
1.5774541412 2.4320180425326035e-02
1.5840800445 1.4580518291543460e-02
1.5907059477 9.8457713363506432e-03
1.5973318510 1.2129322001365791e-02
1.6039577543 1.8141278778041652e-02
1.6105836576 2.3629436038062942e-02
1.6172095609 2.4602596328236581e-02
1.6238354641 2.2150298906634901e-02
1.6304613674 1.5998424764708124e-02
1.6370872707 9.7354952965104311e-03
1.6437131740 5.8174337438384703e-03
1.6503390773 5.8522696862964557e-03
1.6569649805 8.6122887257726963e-03
1.6635908838 1.2681984249540026e-02
1.6702167871 1.4861459430311065e-02
1.6768426904 1.4943919946481110e-02
1.6834685937 1.2194336453976334e-02
1.6900944969 8.1490387284214594e-03
1.6967204002 4.8203302048521867e-03
1.7033463035 3.4663995959055812e-03
1.7099722068 4.4291973339390155e-03
1.7165981101 6.6533172789489540e-03
1.7232240133 9.2044342702834476e-03
1.7298499166 1.0495647876107923e-02
1.7364758199 9.7633604643469693e-03
1.7431017232 7.6209598641353493e-03
1.7497276265 4.8578020856775428e-03
1.7563535297 2.9677086054602088e-03
1.7629794330 2.4587453385693848e-03
1.7696053363 3.4682302896879504e-03
1.7762312396 5.3662985484850536e-03
1.7828571429 6.9865160657370407e-03
1.7894830461 7.5502955080989781e-03
1.7961089494 6.7481336021531953e-03
1.8027348527 5.1434025399164779e-03
1.8093607560 3.3497587435554724e-03
1.8159866593 2.0383351030029118e-03
1.8226125625 1.9112147834527437e-03
1.8292384658 2.8315659509585756e-03
1.8358643691 4.2146778770913692e-03
1.8424902724 5.3924683581348465e-03
1.8491161757 5.7105658147927115e-03
1.8557420789 5.0639082987269449e-03
1.8623679822 3.7903989871451555e-03
1.8689938855 2.4291834511591202e-03
1.8756197888 1.5996208274654730e-03
1.8822456921 1.5516064499427184e-03
1.8888715953 2.3746128224645777e-03
1.8954974986 3.4836073610995614e-03
1.9021234019 4.3606521302975492e-03
1.9087493052 4.5558924058443648e-03
1.9153752084 4.0771866069965598e-03
1.9220011117 3.0248933051096904e-03
1.9286270150 1.8858921835982576e-03
1.9352529183 1.2517407087997154e-03
1.9418788216 1.3160432282253390e-03
1.9485047248 1.9810288464285450e-03
1.9551306281 2.8772644858511150e-03
1.9617565314 3.6280181217684658e-03
1.9683824347 3.7915511270075739e-03
1.9750083380 3.3627150216988541e-03
1.9816342412 2.5059865139735156e-03
1.9882601445 1.5797378706132973e-03
1.9948860478 1.0755394100992741e-03
2.0015119511 1.0983513209235670e-03
2.0081378544 1.6877500174231565e-03
2.0147637576 2.4652434035397092e-03
2.0213896609 3.0786775523712773e-03
2.0280155642 3.2526593614813941e-03
2.0346414675 2.9322384917943377e-03
2.0412673708 2.1572649801256884e-03
2.0478932740 1.4331970062460618e-03
2.0545191773 9.2277993833457907e-04
2.0611450806 9.5520046697675502e-04
2.0677709839 1.4705301446509753e-03
2.0743968872 2.1339885449689336e-03
2.0810227904 2.7278698863242878e-03
2.0876486937 2.9084073611655718e-03
2.0942745970 2.6387714015592228e-03
2.1009005003 1.9711163817064370e-03
2.1075264036 1.3180107668801949e-03
2.1141523068 8.5835864827974709e-04
2.1207782101 8.5132140884468189e-04
2.1274041134 1.2647963079564829e-03
2.1340300167 1.9024423760963991e-03
2.1406559200 2.3898848807374609e-03
2.1472818232 2.7095782554913900e-03
2.1539077265 2.4722054718193712e-03
2.1605336298 1.8894031245070626e-03
2.1671595331 1.2633375258240046e-03
2.1737854364 8.1292348431499816e-04
2.1804113396 7.6448627965258515e-04
2.1870372429 1.1147667409543544e-03
2.1936631462 1.7256389434563287e-03
2.2002890495 2.2822466518809866e-03
2.2069149528 2.5270132626947560e-03
2.2135408560 2.3793907585323332e-03
2.2201667593 1.9150289766960873e-03
2.2267926626 1.2892428971196057e-03
2.2334185659 8.3208201541646860e-04
2.2400444691 7.0810588613266225e-04
2.2466703724 1.0245283034345507e-03
2.2532962757 1.6068296691186836e-03
2.2599221790 2.1925345966495135e-03
2.2665480823 2.5178254089535139e-03
2.2731739855 2.4316949092395594e-03
2.2797998888 1.9910719737290280e-03
2.2864257921 1.3627365923199338e-03
2.2930516954 8.4847014604103510e-04
2.2996775987 6.8793806568201335e-04
2.3063035019 9.7108333930660286e-04
2.3129294052 1.5620593978838361e-03
2.3195553085 2.2314619187667546e-03
2.3261812118 2.6305165189406659e-03
2.3328071151 2.6528339070212405e-03
2.3394330183 2.2195878075211661e-03
2.3460589216 1.5542994409126871e-03
2.3526848249 9.7646315803799025e-04
2.3593107282 7.4798617661359687e-04
2.3659366315 9.9632393017207773e-04
2.3725625347 1.6337401933630414e-03
2.3791884380 2.4266978708869691e-03
2.3858143413 2.9900781233398342e-03
2.3924402446 3.1313977429777971e-03
2.3990661479 2.7274316321015987e-03
2.4056920511 2.0288100657982178e-03
2.4123179544 1.2374021795728358e-03
2.4189438577 8.9869946509216333e-04
2.4255697610 1.1520942576574908e-03
2.4321956643 1.9873322629374505e-03
2.4388215675 3.0650322603059791e-03
2.4454474708 3.9876058503643267e-03
2.4520733741 4.3342386574116813e-03
2.4586992774 3.9665231346631292e-03
2.4653251807 3.0375813330260188e-03
2.4719510839 1.9533233056539209e-03
2.4785769872 1.3491433367636744e-03
2.4852028905 1.7140971547404131e-03
2.4918287938 3.1086876852029922e-03
2.4984546971 5.2763562999473268e-03
2.5050806003 7.2511723063449444e-03
2.5117065036 8.5538019011390052e-03
2.5183324069 8.3091815332392138e-03
2.5249583102 6.7201126343465591e-03
2.5315842135 4.6354732784904627e-03
2.5382101167 3.5245628024924160e-03
2.5448360200 5.2199304983605137e-03
2.5514619233 1.1595116732690645e-02
2.5580878266 2.2679516272417037e-02
2.5647137298 3.9115397896234166e-02
2.5713396331 5.8130423458903492e-02
2.5779655364 7.6604552573543552e-02
2.5845914397 9.2505282030034011e-02
2.5912173430 1.0298291157219090e-01
2.5978432462 1.0678403295157050e-01
2.6044691495 1.0348618584399431e-01
2.6110950528 9.4853782930657424e-02
2.6177209561 8.2471543907040964e-02
2.6243468594 6.4312874800495898e-02
2.6309727626 4.6691624103563131e-02
2.6375986659 3.0545467081537336e-02
2.6442245692 1.7829326112083495e-02
2.6508504725 8.8372837304386484e-03
2.6574763758 3.7244162162209963e-03
2.6641022790 1.7301410820197215e-03
2.6707281823 1.7161981632868879e-03
2.6773540856 2.3761379708573398e-03
2.6839799889 2.9940473730093045e-03
2.6906058922 3.0912124054122028e-03
2.6972317954 2.6020689911228278e-03
2.7038576987 1.7872158546743777e-03
2.7104836020 9.9948618081490900e-04
2.7171095053 4.9103500214566897e-04
2.7237354086 2.9372972279728888e-04
2.7303613118 3.8120372790177845e-04
2.7369872151 5.8021864965694019e-04
2.7436131184 7.7250945663992574e-04
2.7502390217 8.2410224317161431e-04
2.7568649250 7.2917640455614217e-04
2.7634908282 5.0645555110290317e-04
2.7701167315 3.0667747374998287e-04
2.7767426348 1.5786412043984627e-04
2.7833685381 1.0740284446424818e-04
2.7899944414 1.5194804902369431e-04
2.7966203446 2.4403102605403322e-04
2.8032462479 3.1529114887745484e-04
2.8098721512 3.3767523112663932e-04
2.8164980545 3.0353448721200636e-04
2.8231239578 2.2362710964142092e-04
2.8297498610 1.3407583458978342e-04
2.8363757643 7.5121982024369051e-05
2.8430016676 6.0300572132148734e-05
2.8496275709 8.4894405145943003e-05
2.8562534742 1.3134541600098076e-04
2.8628793774 1.7016926786336014e-04
2.8695052807 1.9005522889661803e-04
2.8761311840 1.7053528290047605e-04
2.8827570873 1.2785080441262344e-04
2.8893829906 8.4140032479603809e-05
2.8960088938 5.1471983578354975e-05
2.9026347971 4.3270263129053652e-05
2.9092607004 5.7922130011254040e-05
2.9158866037 8.5785616519017241e-05
2.9225125069 1.1151543639312760e-04
2.9291384102 1.2442945312151713e-04
2.9357643135 1.1615472665620316e-04
2.9423902168 9.2359535550912741e-05
2.9490161201 6.6688464345390666e-05
2.9556420233 4.5039623372909024e-05
2.9622679266 3.7435391615626405e-05
2.9688938299 4.6193590629016137e-05
2.9755197332 6.2950294084453985e-05
2.9821456365 8.1503489395664505e-05
2.9887715397 8.9983513128287265e-05
2.9953974430 8.6509648352657201e-05
3.0020233463 7.6154002304155134e-05
3.0086492496 5.8651139677275827e-05
3.0152751529 4.3242251523789417e-05
3.0219010561 3.6611244154615422e-05
3.0285269594 4.0164684764025543e-05
3.0351528627 5.1243639483486337e-05
3.0417787660 6.3138869537831079e-05
3.0484046693 7.1419484738183067e-05
3.0550305725 7.3651729371680609e-05
3.0616564758 6.5597305886252555e-05
3.0682823791 5.4528629877801132e-05
3.0749082824 4.4790605634326906e-05
3.0815341857 3.7674464865399171e-05
3.0881600889 3.7450407978006917e-05
3.0947859922 4.2886838372247719e-05
3.1014118955 5.0183495198922704e-05
3.1080377988 5.6830467148741195e-05
3.1146637021 6.0435564311798502e-05
3.1212896053 5.6995594440775492e-05
3.1279155086 5.2121567990863379e-05
3.1345414119 4.6413819921879060e-05
3.1411673152 3.8652024094248510e-05
3.1477932185 3.7389599705120833e-05
3.1544191217 3.7917752037352066e-05
3.1610450250 4.2893400062072646e-05
3.1676709283 4.6804113219774201e-05
3.1742968316 5.0682906532562457e-05
3.1809227349 5.0937330194084786e-05
3.1875486381 4.9128719557633673e-05
3.1941745414 4.5667920636226177e-05
3.2008004447 4.0241065136569258e-05
3.2074263480 3.6595213383975329e-05
3.2140522513 3.5662210741100370e-05
3.2206781545 3.6726907921796989e-05
3.2273040578 3.9629464947709520e-05
3.2339299611 4.2714524491589318e-05
3.2405558644 4.4641349672477478e-05
3.2471817676 4.5304258718086754e-05
3.2538076709 4.4003508092446770e-05
3.2604335742 4.1053947664473276e-05
3.2670594775 3.7424559741639696e-05
3.2736853808 3.4666071099852727e-05
3.2803112840 3.3415339008073666e-05
3.2869371873 3.3475793516117080e-05
3.2935630906 3.4816478844291997e-05
3.3001889939 3.7659771889618845e-05
3.3068148972 3.9729060040726323e-05
3.3134408004 4.1830453195016309e-05
3.3200667037 4.0572684841798353e-05
3.3266926070 3.7961990357939928e-05
3.3333185103 3.5199626312827969e-05
3.3399444136 3.0919438195011242e-05
3.3465703168 2.8631349014144843e-05
3.3531962201 2.8667863714910037e-05
3.3598221234 3.1084973128049194e-05
3.3664480267 3.4234923455034444e-05
3.3730739300 3.9316510779512755e-05
3.3796998332 4.0868866352312205e-05
3.3863257365 3.9472540216778169e-05
3.3929516398 3.5481241209007088e-05
3.3995775431 3.1205753480489607e-05
3.4062034464 2.6714679108684823e-05
3.4128293496 2.4356284128169189e-05
3.4194552529 2.5451911274318436e-05
3.4260811562 2.9729082133725002e-05
3.4327070595 3.4640658513904390e-05
3.4393329628 3.9021418581622554e-05
3.4459588660 4.0004985619817612e-05
3.4525847693 3.6927983583093621e-05
3.4592106726 3.1447273922623671e-05
3.4658365759 2.5822863739812334e-05
3.4724624792 2.1334959856966871e-05
3.4790883824 2.0758783167429817e-05
3.4857142857 2.5255875851533011e-05
3.4923401890 3.1487458201604817e-05
3.4989660923 3.8587684781048064e-05
3.5055919956 4.1331806972030161e-05
3.5122178988 4.0769353117333282e-05
3.5188438021 3.4425607946999420e-05
3.5254697054 2.6725019461590667e-05
3.5320956087 2.0082540264650083e-05
3.5387215120 1.8237943507876948e-05
3.5453474152 2.2322120640263147e-05
3.5519733185 3.0466506578703731e-05
3.5585992218 3.9221744524467999e-05
3.5652251251 4.5928558901552160e-05
3.5718510283 4.6800720931744247e-05
3.5784769316 4.0408553806803628e-05
3.5851028349 3.0704836308800738e-05
3.5917287382 2.1901509443161571e-05
3.5983546415 1.8861714932956035e-05
3.6049805447 2.4121305811731669e-05
3.6116064480 3.5626210007491629e-05
3.6182323513 5.1138322759967709e-05
3.6248582546 6.1364605318905871e-05
3.6314841579 6.2234515727747658e-05
3.6381100611 5.4679215619018438e-05
3.6447359644 4.1543597589305045e-05
3.6513618677 3.0582105856532693e-05
3.6579877710 2.7629847434055511e-05
3.6646136743 3.8889351807137099e-05
3.6712395775 6.0613791412889105e-05
3.6778654808 8.7565783451175224e-05
3.6844913841 1.0836317595866845e-04
3.6911172874 1.1289596783426474e-04
3.6977431907 1.0159108863274749e-04
3.7043690939 8.0108716948003664e-05
3.7109949972 6.1710776915760719e-05
3.7176209005 6.6208546285584789e-05
3.7242468038 1.0323154382395966e-04
3.7308727071 1.7271329287277474e-04
3.7374986103 2.6045819924874357e-04
3.7441245136 3.2920527314678102e-04
3.7507504169 3.5667460960674943e-04
3.7573763202 3.3552777076520710e-04
3.7640022235 2.8095273445958219e-04
3.7706281267 2.7388027112809377e-04
3.7772540300 4.0546709278709036e-04
3.7838799333 8.0417641375634666e-04
3.7905058366 1.5866697578962876e-03
3.7971317399 2.6829067017890488e-03
3.8037576431 4.2543347712515637e-03
3.8103835464 6.1644433329225146e-03
3.8170094497 8.1347195898801399e-03
3.8236353530 9.8044186909565269e-03
3.8302612563 1.1092841822516457e-02
3.8368871595 1.1779701697890829e-02
3.8435130628 1.1538467149943570e-02
3.8501389661 1.0701053650756522e-02
3.8567648694 9.4547751768344415e-03
3.8633907727 7.7902224018822205e-03
3.8700166759 5.7012377795025238e-03
3.8766425792 3.7767103286656927e-03
3.8832684825 2.3233784711065623e-03
3.8898943858 1.3290484236433973e-03
3.8965202890 7.2625413019398902e-04
3.9031461923 5.0274993597828688e-04
3.9097720956 5.0196343027417622e-04
3.9163979989 5.9398984179028609e-04
3.9230239022 6.6784033298261148e-04
3.9296498054 6.7615611703946473e-04
3.9362757087 5.8512515107171550e-04
3.9429016120 4.4985010041927100e-04
3.9495275153 3.1070937108141836e-04
3.9561534186 2.1009471299622586e-04
3.9627793218 1.6776831183592809e-04
3.9694052251 1.8391608053019347e-04
3.9760311284 2.2901047551338066e-04
3.9826570317 2.7665609770722443e-04
3.9892829350 2.9626156435875025e-04
3.9959088382 2.8127293307563466e-04
4.0025347415 2.3733267168400373e-04
4.0091606448 1.7579946955751096e-04
4.0157865481 1.2655967362248548e-04
4.0224124514 1.0029763493624928e-04
4.0290383546 1.0528936547364133e-04
4.0356642579 1.2442887711318538e-04
4.0422901612 1.5473758168414836e-04
4.0489160645 1.7989802696189651e-04
4.0555419678 1.8260411733290256e-04
4.0621678710 1.6288810168966158e-04
4.0687937743 1.3233422725673403e-04
4.0754196776 9.7294393970448774e-05
4.0820455809 7.6295608359663346e-05
4.0886714842 7.1634014743335241e-05
4.0952973874 8.6510931339528837e-05
4.1019232907 1.0522174837028885e-04
4.1085491940 1.2630634480179746e-04
4.1151750973 1.3576891815709796e-04
4.1218010006 1.2852602190421248e-04
4.1284269038 1.1094151520736616e-04
4.1350528071 8.5481546888231319e-05
4.1416787104 6.5197341961158655e-05
4.1483046137 5.7825389436570431e-05
4.1549305170 6.2652370257008168e-05
4.1615564202 7.7013096735440190e-05
4.1681823235 9.2809001525523779e-05
4.1748082268 1.0453727335789816e-04
4.1814341301 1.0472492383483930e-04
4.1880600334 9.4929560789885691e-05
4.1946859366 7.8844336250818997e-05
4.2013118399 6.1557514334924674e-05
4.2079377432 5.0655969678809635e-05
4.2145636465 5.0402066652591015e-05
4.2211895497 5.8810013079651892e-05
4.2278154530 7.1488171391209307e-05
4.2344413563 8.4116841439310907e-05
4.2410672596 8.8932712051070702e-05
4.2476931629 8.6013297994293918e-05
4.2543190661 7.3370322133637863e-05
4.2609449694 5.9416910199765949e-05
4.2675708727 4.7054828879168373e-05
4.2741967760 4.2860980445443006e-05
4.2808226793 4.7442825417680241e-05
4.2874485825 5.6285877554996858e-05
4.2940744858 6.9024115814215486e-05
4.3007003891 7.6882982969856241e-05
4.3073262924 7.7626243766274857e-05
4.3139521957 7.0690805810552171e-05
4.3205780989 5.8414276950611919e-05
4.3272040022 4.7444622176889987e-05
4.3338299055 3.9689689433723909e-05
4.3404558088 4.0334322978844221e-05
4.3470817121 4.6740781275309987e-05
4.3537076153 5.6084592273254699e-05
4.3603335186 6.5980484063454578e-05
4.3669594219 7.0198297597976164e-05
4.3735853252 6.6148270548064357e-05
4.3802112285 5.7928321691410148e-05
4.3868371317 4.8624503794107987e-05
4.3934630350 3.9129036608511657e-05
4.4000889383 3.6087293863155376e-05
4.4067148416 3.9873314003484228e-05
4.4133407449 4.7734076146203005e-05
4.4199666481 5.7039389767355781e-05
4.4265925514 6.2375159496639689e-05
4.4332184547 6.2644243632417943e-05
4.4398443580 5.7018104946456773e-05
4.4464702613 4.9470874822258592e-05
4.4530961645 3.9974618335224555e-05
4.4597220678 3.3821332677446104e-05
4.4663479711 3.5351383797216617e-05
4.4729738744 4.0958113423558533e-05
4.4795997777 4.9177986310279557e-05
4.4862256809 5.6469550795230752e-05
4.4928515842 5.9447646379781604e-05
4.4994774875 5.8891212280036725e-05
4.5061033908 5.1149244545590505e-05
4.5127292941 4.1817635507967962e-05
4.5193551973 3.5163942830818011e-05
4.5259811006 3.2243944293925066e-05
4.5326070039 3.5983357211082875e-05
4.5392329072 4.3311208598499733e-05
4.5458588105 5.0922540428164986e-05
4.5524847137 5.6403072578279116e-05
4.5591106170 5.6642302590781300e-05
4.5657365203 5.1455423110195630e-05
4.5723624236 4.4211728585919556e-05
4.5789883268 3.6662369933701248e-05
4.5856142301 3.2128359431632198e-05
4.5922401334 3.2929450506065805e-05
4.5988660367 3.7989746853392205e-05
4.6054919400 4.6956469387912140e-05
4.6121178432 5.2493386918091073e-05
4.6187437465 5.7114607497749671e-05
4.6253696498 5.4122370249247807e-05
4.6319955531 4.7716759650668021e-05
4.6386214564 3.9234541626837575e-05
4.6452473596 3.3615144714646952e-05
4.6518732629 3.1479223833299139e-05
4.6584991662 3.5510153155590312e-05
4.6651250695 4.2937856960592480e-05
4.6717509728 4.9964887025233062e-05
4.6783768760 5.7646757650866880e-05
4.6850027793 5.7752758499028389e-05
4.6916286826 5.2883317411011972e-05
4.6982545859 4.4136091383542164e-05
4.7048804892 3.7046395338422667e-05
4.7115063924 3.2032373515405746e-05
4.7181322957 3.3657762094875243e-05
4.7247581990 4.1055707997865147e-05
4.7313841023 4.9724473448158933e-05
4.7380100056 5.7495719172916970e-05
4.7446359088 6.1976568380472019e-05
4.7512618121 5.8305898289847473e-05
4.7578877154 5.2140307925484622e-05
4.7645136187 4.2174634835686765e-05
4.7711395220 3.7034504556040582e-05
4.7777654252 3.6016521121284988e-05
4.7843913285 4.1496376207452137e-05
4.7910172318 5.0459140327532139e-05
4.7976431351 5.9993683323606757e-05
4.8042690384 6.6125067830683990e-05
4.8108949416 6.9357421231757584e-05
4.8175208449 6.2704629918164750e-05
4.8241467482 5.4101854294378100e-05
4.8307726515 4.4792986095700369e-05
4.8373985548 4.1108165754014220e-05
4.8440244580 4.5126885636180686e-05
4.8506503613 5.6560181616232294e-05
4.8572762646 6.8291911615673263e-05
4.8639021679 8.0516807673989416e-05
4.8705280712 8.5515073360231989e-05
4.8771539744 8.2491964736068166e-05
4.8837798777 7.2287644736278520e-05
4.8904057810 6.1700832755133225e-05
4.8970316843 5.4787150698813260e-05
4.9036575875 5.8835211318512644e-05
4.9102834908 7.2751025198084554e-05
4.9169093941 9.1216871790802893e-05
4.9235352974 1.1315967678677035e-04
4.9301612007 1.2577834260630666e-04
4.9367871039 1.2738713489552771e-04
4.9434130072 1.1794438732686761e-04
4.9500389105 1.0355256192387967e-04
4.9566648138 9.5105406952556484e-05
4.9632907171 1.0115395495503319e-04
4.9699166203 1.2868704734284093e-04
4.9765425236 1.7346785251158713e-04
4.9831684269 2.2186240283499046e-04
4.9897943302 2.6390389969901062e-04
4.9964202335 2.8116034235015015e-04
5.0030461367 2.8759773394279576e-04
5.0096720400 2.7668641170654771e-04
5.0162979433 2.9844483676141296e-04
5.0229238466 4.0288191135614946e-04
5.0295497499 6.2285066355950778e-04
5.0361756531 1.0138373823172151e-03
5.0428015564 1.6172864187302812e-03
5.0494274597 2.3512868411362563e-03
5.0560533630 3.1783423330651725e-03
5.0626792663 4.0360865402777205e-03
5.0693051695 4.8319456444142934e-03
5.0759310728 5.4427325957137184e-03
5.0825569761 5.5949181538827919e-03
5.0891828794 5.5680755935130048e-03
5.0958087827 5.2798620088469047e-03
5.1024346859 4.5155611155487741e-03
5.1090605892 3.8024366268998742e-03
5.1156864925 2.9692069927978416e-03
5.1223123958 2.1071585555454608e-03
5.1289382991 1.3919216100180467e-03
5.1355642023 9.1190196530671239e-04
5.1421901056 5.4185944207970141e-04
5.1488160089 3.2638792766077966e-04
5.1554419122 2.3354545206741317e-04
5.1620678155 1.9400087315279022e-04
5.1686937187 1.8967851433647994e-04
5.1753196220 1.8492104012096940e-04
5.1819455253 1.6796191015012513e-04
5.1885714286 1.3872281215070983e-04
5.1951973319 1.0675668122819265e-04
5.2018232351 7.8758698167651805e-05
5.2084491384 6.2096509783556253e-05
5.2150750417 5.6124323899339478e-05
5.2217009450 5.7154055936356230e-05
5.2283268482 6.3259730958237256e-05
5.2349527515 6.4302982648265555e-05
5.2415786548 6.2677324971441748e-05
5.2482045581 5.4293298665826808e-05
5.2548304614 4.5572786142074632e-05
5.2614563646 3.5263701255469360e-05
5.2680822679 2.8557144960382790e-05
5.2747081712 2.7024048753850374e-05
5.2813340745 2.8982105182780876e-05
5.2879599778 3.2478573886621211e-05
5.2945858810 3.5488570769334021e-05
5.3012117843 3.4780468737680075e-05
5.3078376876 3.2819030787831993e-05
5.3144635909 2.7545849002153199e-05
5.3210894942 2.2661106400619383e-05
5.3277153974 1.8960766337790394e-05
5.3343413007 1.7750818906331514e-05
5.3409672040 1.8519709349730989e-05
5.3475931073 2.0843859922745766e-05
5.3542190106 2.3041562827064995e-05
5.3608449138 2.3947916973378915e-05
5.3674708171 2.3072728799774560e-05
5.3740967204 2.0682973364400067e-05
5.3807226237 1.7416588772084744e-05
5.3873485270 1.4616073750321470e-05
5.3939744302 1.3679820929028136e-05
5.4006003335 1.3708291174111662e-05
5.4072262368 1.5050041407581853e-05
5.4138521401 1.6944468666436676e-05
5.4204780434 1.8281795747334586e-05
5.4271039466 1.7982301269651460e-05
5.4337298499 1.7295205081616707e-05
5.4403557532 1.4762119438529668e-05
5.4469816565 1.2876193152556246e-05
5.4536075598 1.1641642314020044e-05
5.4602334630 1.1427932622190888e-05
5.4668593663 1.1943610202811146e-05
5.4734852696 1.3284843691012290e-05
5.4801111729 1.4586115178626691e-05
5.4867370762 1.5078475794376480e-05
5.4933629794 1.4652266751148222e-05
5.4999888827 1.3359435796926107e-05
5.5066147860 1.1781976899514551e-05
5.5132406893 1.0461848161635377e-05
5.5198665926 9.8103857900998148e-06
5.5264924958 1.0272465333451641e-05
5.5331183991 1.1302769541579195e-05
5.5397443024 1.2135373319150414e-05
5.5463702057 1.2687707575714784e-05
5.5529961089 1.3101188817725353e-05
5.5596220122 1.2299484216011754e-05
5.5662479155 1.1086090468190168e-05
5.5728738188 1.0019927896378760e-05
5.5794997221 9.0670305278635756e-06
5.5861256253 9.0591284953581958e-06
5.5927515286 9.7031226093921539e-06
5.5993774319 1.0463230427426802e-05
5.6060033352 1.1154781520052099e-05
5.6126292385 1.1561458521361906e-05
5.6192551417 1.1278988989376216e-05
5.6258810450 1.0493300307635992e-05
5.6325069483 9.4138060813583203e-06
5.6391328516 8.7119787675562748e-06
5.6457587549 8.3227013210976070e-06
5.6523846581 8.5238690464164687e-06
5.6590105614 9.1036572804521934e-06
5.6656364647 9.7898670535664591e-06
5.6722623680 1.0374142352643614e-05
5.6788882713 1.0441205706147734e-05
5.6855141745 1.0008492275841896e-05
5.6921400778 9.0899046474817394e-06
5.6987659811 8.5381143285542991e-06
5.7053918844 7.8917382187203055e-06
5.7120177877 7.8650719438978167e-06
5.7186436909 8.1189044386998886e-06
5.7252695942 8.7702447339562780e-06
5.7318954975 9.3087584220326394e-06
5.7385214008 9.3462491582478785e-06
5.7451473041 9.6194810434541163e-06
5.7517732073 8.9963962260756871e-06
5.7583991106 8.3468592024717818e-06
5.7650250139 7.6355451398489476e-06
5.7716509172 7.5205832875159486e-06
5.7782768205 7.4285841009822455e-06
5.7849027237 7.8904623423793650e-06
5.7915286270 8.3053353202133999e-06
5.7981545303 8.6365423668735789e-06
5.8047804336 8.9434778221201536e-06
5.8114063369 8.5729521464844899e-06
5.8180322401 8.2834291772091405e-06
5.8246581434 7.7015409579157706e-06
5.8312840467 7.0860604207999182e-06
5.8379099500 6.9251537810289272e-06
5.8445358533 7.0780160786564742e-06
5.8511617565 7.4246705331006656e-06
5.8577876598 7.9177294285496448e-06
5.8644135631 8.3242025486933128e-06
5.8710394664 8.2232194037466685e-06
5.8776653696 7.8904946782145700e-06
5.8842912729 7.4110075078400747e-06
5.8909171762 6.9479428693056810e-06
5.8975430795 6.7671243006384846e-06
5.9041689828 6.6201947104570135e-06
5.9107948860 6.9099221347388301e-06
5.9174207893 7.3412706747385022e-06
5.9240466926 7.7245995547061133e-06
5.9306725959 8.0180801220949634e-06
5.9372984992 7.8175874031972397e-06
5.9439244024 7.6236853255983250e-06
5.9505503057 6.9087685637680135e-06
5.9571762090 6.4869347278773736e-06
5.9638021123 6.3568276796675077e-06
5.9704280156 6.3905158870986224e-06
5.9770539188 6.7570140906084034e-06
5.9836798221 7.0665045480275286e-06
5.9903057254 7.4612078413344660e-06
5.9969316287 7.5897263344430418e-06
6.0035575320 7.4132943558708242e-06
6.0101834352 7.0492069895369529e-06
6.0168093385 6.5348449450897588e-06
6.0234352418 6.1936454863153668e-06
6.0300611451 6.0715468716833350e-06
6.0366870484 6.2887321611806286e-06
6.0433129516 6.4232580974854480e-06
6.0499388549 7.1492802213464945e-06
6.0565647582 7.2871285928431659e-06
6.0631906615 7.3118358032277566e-06
6.0698165648 6.9840877920718127e-06
6.0764424680 6.6435261077860626e-06
6.0830683713 6.2247239481140233e-06
6.0896942746 5.9566435551191220e-06
6.0963201779 6.0834657331369639e-06
6.1029460812 6.3336378965180234e-06
6.1095719844 6.7023090587593428e-06
6.1161978877 7.1229729890397127e-06
6.1228237910 7.3337296525375900e-06
6.1294496943 7.3863506331407160e-06
6.1360755976 7.0259441772791867e-06
6.1427015008 6.5935808742087840e-06
6.1493274041 6.1771507170724566e-06
6.1559533074 6.1386390290462268e-06
6.1625792107 6.1802988672748386e-06
6.1692051140 6.7449738863488541e-06
6.1758310172 7.3625848296560968e-06
6.1824569205 7.7916557872760405e-06
6.1890828238 7.9296036249204570e-06
6.1957087271 7.8434154423854483e-06
6.2023346304 7.4579103134028631e-06
6.2089605336 7.1494014487681054e-06
6.2155864369 7.0581410596012581e-06
6.2222123402 7.2204784821148308e-06
6.2288382435 8.0292175380345886e-06
6.2354641467 9.1380189172016416e-06
6.2420900500 1.0334112665675851e-05
6.2487159533 1.1261281796960669e-05
6.2553418566 1.1829156015825913e-05
6.2619677599 1.2039261817509356e-05
6.2685936631 1.3077169201600541e-05
6.2752195664 1.5895877290024493e-05
6.2818454697 2.0953702606114281e-05
6.2884713730 2.9308868543416639e-05
6.2950972763 4.2811721160144805e-05
6.3017231795 5.9230244110738744e-05
6.3083490828 7.9021221386627741e-05
6.3149749861 9.9182543395594336e-05
6.3216008894 1.2108970879999109e-04
6.3282267927 1.3506772387515516e-04
6.3348526959 1.4250641858621355e-04
6.3414785992 1.4534854933111156e-04
6.3481045025 1.3996564740256597e-04
6.3547304058 1.2880258471903287e-04
6.3613563091 1.1103499219352367e-04
6.3679822123 9.1159704506007757e-05
6.3746081156 6.9500142864637365e-05
6.3812340189 5.1913684818078841e-05
6.3878599222 3.5763247327680366e-05
6.3944858255 2.5398064115510684e-05
6.4011117287 1.7856281716031565e-05
6.4077376320 1.3074355270710088e-05
6.4143635353 1.1158388164361499e-05
6.4209894386 1.0224119268347362e-05
6.4276153419 9.4473817471710324e-06
6.4342412451 9.0199750173098094e-06
6.4408671484 8.1575773335231600e-06
6.4474930517 7.0925535658883831e-06
6.4541189550 6.3727156467846932e-06
6.4607448583 5.8393434614840659e-06
6.4673707615 5.6685621194788707e-06
6.4739966648 5.7033832144953370e-06
6.4806225681 5.7704340791862951e-06
6.4872484714 5.9587003719962454e-06
6.4938743747 5.8205561285701208e-06
6.5005002779 5.7019553633312278e-06
6.5071261812 5.2630735122571331e-06
6.5137520845 4.9018566915219935e-06
6.5203779878 4.6393588472119822e-06
6.5270038911 4.5203991198526427e-06
6.5336297943 4.5884558859335380e-06
6.5402556976 4.6818637807663703e-06
6.5468816009 4.9188617680366340e-06
6.5535075042 4.9418049131997907e-06
6.5601334074 4.8903771935028508e-06
6.5667593107 4.6022923806170786e-06
6.5733852140 4.4979683580549146e-06
6.5800111173 4.2792590876648169e-06
6.5866370206 4.0991672463309617e-06
6.5932629238 4.1582164800948684e-06
6.5998888271 4.2120425531662499e-06
6.6065147304 4.2673553505194989e-06
6.6131406337 4.4722633138322452e-06
6.6197665370 4.4522980859188718e-06
6.6263924402 4.4352926820394303e-06
6.6330183435 4.1891332852884450e-06
6.6396442468 3.9561238041358798e-06
6.6462701501 3.7873038233097008e-06
6.6528960534 3.8085698692365701e-06
6.6595219566 3.7176604842482630e-06
6.6661478599 3.8806354006689691e-06
6.6727737632 4.0623141060052493e-06
6.6793996665 4.1136438250012747e-06
6.6860255698 4.0645723817736846e-06
6.6926514730 3.9356353914146703e-06
6.6992773763 3.8218630535414238e-06
6.7059032796 3.6341390553568295e-06
6.7125291829 3.6501782952349432e-06
6.7191550862 3.5152856236910168e-06
6.7257809894 3.6069790395429437e-06
6.7324068927 3.6969426244169242e-06
6.7390327960 3.7552274223785049e-06
6.7456586993 3.7710531393244256e-06
6.7522846026 3.8040595895671686e-06
6.7589105058 3.7399177489740713e-06
6.7655364091 3.5082099824479442e-06
6.7721623124 3.3943205810005191e-06
6.7787882157 3.3601407593046515e-06
6.7854141190 3.4256046043526669e-06
6.7920400222 3.4264544046115268e-06
6.7986659255 3.5534533601374795e-06
6.8052918288 3.5883364604643207e-06
6.8119177321 3.5960828734032205e-06
6.8185436354 3.5686495198171130e-06
6.8251695386 3.4533735596270248e-06
6.8317954419 3.2777671283848485e-06
6.8384213452 3.2390976531576954e-06
6.8450472485 3.2010955553607537e-06
6.8516731518 3.2358427449634111e-06
6.8582990550 3.2572397876009279e-06
6.8649249583 3.3211139302527438e-06
6.8715508616 3.4281455142309554e-06
6.8781767649 3.4073427345670934e-06
6.8848026681 3.3514240298625832e-06
6.8914285714 3.2995982399604716e-06
6.8980544747 3.1917887997154877e-06
6.9046803780 3.0484038597184059e-06
6.9113062813 3.0665540139408613e-06
6.9179321845 3.0618014583870492e-06
6.9245580878 3.1722395545666663e-06
6.9311839911 3.2898709356689622e-06
6.9378098944 3.3187912067105026e-06
6.9444357977 3.2749266868308197e-06
6.9510617009 3.2011597823864062e-06
6.9576876042 3.1060912363533239e-06
6.9643135075 2.9624572432724558e-06
6.9709394108 2.9090821407945646e-06
6.9775653141 2.9094742271976230e-06
6.9841912173 2.9886427951571894e-06
6.9908171206 2.9942065843178133e-06
6.9974430239 3.1352039554384824e-06
7.0040689272 3.1288314725091551e-06
7.0106948305 3.1133454407675618e-06
7.0173207337 3.0192040419156629e-06
7.0239466370 2.9159350328879022e-06
7.0305725403 2.8476178879541922e-06
7.0371984436 2.8092407288293436e-06
7.0438243469 2.8125471877057313e-06
7.0504502501 2.9023748006821029e-06
7.0570761534 2.9742688088245273e-06
7.0637020567 3.0362830580850084e-06
7.0703279600 3.0370083714364836e-06
7.0769538633 2.9915069266462036e-06
7.0835797665 2.8789945179839666e-06
7.0902056698 2.8235945605987796e-06
7.0968315731 2.7346982413020195e-06
7.1034574764 2.6846811105658885e-06
7.1100833797 2.7510045177424076e-06
7.1167092829 2.8548467219447180e-06
7.1233351862 2.9211641483583577e-06
7.1299610895 2.8623022017907048e-06
7.1365869928 2.9266009795530968e-06
7.1432128961 2.8064461356910380e-06
7.1498387993 2.7839195059756490e-06
7.1564647026 2.6517545485653086e-06
7.1630906059 2.6251552620338894e-06
7.1697165092 2.5989949653351445e-06
7.1763424125 2.7106185017575439e-06
7.1829683157 2.8048749683603599e-06
7.1895942190 2.8725696338758330e-06
7.1962201223 2.8830332294208406e-06
7.2028460256 2.8209483599200440e-06
7.2094719288 2.7927544925658907e-06
7.2160978321 2.6480928486351968e-06
7.2227237354 2.5699062298312656e-06
7.2293496387 2.5203404744664262e-06
7.2359755420 2.6270395578391952e-06
7.2426014452 2.7217617379931927e-06
7.2492273485 2.7892972926715011e-06
7.2558532518 2.8545298390637056e-06
7.2624791551 2.8279779980005513e-06
7.2691050584 2.7754238243351830e-06
7.2757309616 2.6826257615053243e-06
7.2823568649 2.6347602862785878e-06
7.2889827682 2.6025995636373589e-06
7.2956086715 2.5921030412842410e-06
7.3022345748 2.6514441753027630e-06
7.3088604780 2.8032781289672788e-06
7.3154863813 2.9156930407065848e-06
7.3221122846 2.9305784442907086e-06
7.3287381879 2.9298931571881160e-06
7.3353640912 2.8108125582206469e-06
7.3419899944 2.8094734052546210e-06
7.3486158977 2.6778038214461990e-06
7.3552418010 2.7086014896272830e-06
7.3618677043 2.8459312404219283e-06
7.3684936076 2.9507099418372878e-06
7.3751195108 3.1135714335510891e-06
7.3817454141 3.1810448772694401e-06
7.3883713174 3.2405076310937911e-06
7.3949972207 3.2029411678699234e-06
7.4016231240 3.1370869625889585e-06
7.4082490272 3.1063447624070469e-06
7.4148749305 3.1931874016955340e-06
7.4215008338 3.2492866738404966e-06
7.4281267371 3.5319723494344972e-06
7.4347526404 3.7296776939881524e-06
7.4413785436 3.9716880586573104e-06
7.4480044469 4.1543213099966108e-06
7.4546303502 4.2932884252430450e-06
7.4612562535 4.3636279385268455e-06
7.4678821568 4.5015568070901369e-06
7.4745080600 4.7833375692786457e-06
7.4811339633 5.2070029350973516e-06
7.4877598666 5.8286424065724802e-06
7.4943857699 6.9044711591978735e-06
7.5010116732 7.7163468332730632e-06
7.5076375764 8.8674065326499593e-06
7.5142634797 1.0478129337348760e-05
7.5208893830 1.2952744779889290e-05
7.5275152863 1.6766501806808771e-05
7.5341411895 2.3264347651602126e-05
7.5407670928 3.2714487838133000e-05
7.5473929961 4.6606214403783465e-05
7.5540188994 6.2872026294097220e-05
7.5606448027 8.2867822036619470e-05
7.5672707059 1.0665641170660573e-04
7.5738966092 1.2652257619768462e-04
7.5805225125 1.4530153719390443e-04
7.5871484158 1.6371369563177837e-04
7.5937743191 1.7556197825062815e-04
7.6004002223 1.7353874998077086e-04
7.6070261256 1.6684852990904312e-04
7.6136520289 1.5587322694930394e-04
7.6202779322 1.3966938744816639e-04
7.6269038355 1.1711188053773795e-04
7.6335297387 9.4104503917365564e-05
7.6401556420 7.3745420171299195e-05
7.6467815453 5.4730367741998839e-05
7.6534074486 4.0114902091138262e-05
7.6600333519 2.8480836351800564e-05
7.6666592551 2.0885505308994521e-05
7.6732851584 1.5585652153662758e-05
7.6799110617 1.2468542523397122e-05
7.6865369650 1.0234290467011884e-05
7.6931628683 8.7526652053785110e-06
7.6997887715 7.6425564940138077e-06
7.7064146748 6.6456853391353457e-06
7.7130405781 5.9628814713670951e-06
7.7196664814 5.3410748683250475e-06
7.7262923847 4.7726630544707200e-06
7.7329182879 4.5378072624482383e-06
7.7395441912 4.2834365881305495e-06
7.7461700945 4.1976045570824305e-06
7.7527959978 4.0607853682732541e-06
7.7594219011 3.9404747376478819e-06
7.7660478043 3.6508436708082830e-06
7.7726737076 3.3842042622069587e-06
7.7792996109 3.1189534176768522e-06
7.7859255142 2.9602146640960593e-06
7.7925514175 2.9174249005766887e-06
7.7991773207 2.8813205147228477e-06
7.8058032240 2.9035381956637943e-06
7.8124291273 2.9094064863301104e-06
7.8190550306 2.8114649742180050e-06
7.8256809339 2.6615655138115916e-06
7.8323068371 2.5486611075378942e-06
7.8389327404 2.4910016121624142e-06
7.8455586437 2.3660344272971340e-06
7.8521845470 2.3530793857804511e-06
7.8588104503 2.3121703481484617e-06
7.8654363535 2.3785951987451304e-06
7.8720622568 2.3308283167643121e-06
7.8786881601 2.3363139226234716e-06
7.8853140634 2.2856770598037079e-06
7.8919399666 2.1870292328371948e-06
7.8985658699 2.1303582667267780e-06
7.9051917732 2.0413548910895360e-06
7.9118176765 2.0302071212328908e-06
7.9184435798 1.9986715884850656e-06
7.9250694830 2.0013507814674369e-06
7.9316953863 2.0519324659158261e-06
7.9383212896 2.0184116930504721e-06
7.9449471929 1.9900042201588314e-06
7.9515730962 1.9768826748772607e-06
7.9581989994 1.8698265994810769e-06
7.9648249027 1.8554886602439004e-06
7.9714508060 1.8274658668515785e-06
7.9780767093 1.7955275091753999e-06
7.9847026126 1.7940557076926782e-06
7.9913285158 1.8180196167331697e-06
7.9979544191 1.8445708131742499e-06
8.0045803224 1.8221485872232519e-06
8.0112062257 1.8128676959260703e-06
8.0178321290 1.7810521865917130e-06
8.0244580322 1.6779558520628213e-06
8.0310839355 1.6755855140775959e-06
8.0377098388 1.6482398821654490e-06
8.0443357421 1.6751433479220882e-06
8.0509616454 1.6765820013743106e-06
8.0575875486 1.6786290655819567e-06
8.0642134519 1.6970586902997775e-06
8.0708393552 1.6944331550995680e-06
8.0774652585 1.6561543525346249e-06
8.0840911618 1.5899699824826885e-06
8.0907170650 1.5920743650733798e-06
8.0973429683 1.5432455264948319e-06
8.1039688716 1.5078699108130980e-06
8.1105947749 1.5531776644425170e-06
8.1172206782 1.5425337323254326e-06
8.1238465814 1.5583104789604605e-06
8.1304724847 1.5722311734439817e-06
8.1370983880 1.5814519044051423e-06
8.1437242913 1.5372776045692338e-06
8.1503501946 1.4685341064169311e-06
8.1569760978 1.4745347786706108e-06
8.1636020011 1.4556669450001905e-06
8.1702279044 1.4858996789722195e-06
8.1768538077 1.4585443377374636e-06
8.1834797110 1.4663306056245716e-06
8.1901056142 1.4566151940507674e-06
8.1967315175 1.4483528904149764e-06
8.2033574208 1.4483916391547832e-06
8.2099833241 1.4108043199136934e-06
8.2166092273 1.4081473670306303e-06
8.2232351306 1.3906634414861094e-06
8.2298610339 1.3942915090905018e-06
8.2364869372 1.3754402903712874e-06
8.2431128405 1.3789593378778362e-06
8.2497387437 1.3819157538093695e-06
8.2563646470 1.3797930001764947e-06
8.2629905503 1.3784548585159849e-06
8.2696164536 1.3864288644682759e-06
8.2762423569 1.3186190199469807e-06
8.2828682601 1.3348707273170179e-06
8.2894941634 1.3069028111057015e-06
8.2961200667 1.3172791356469613e-06
8.3027459700 1.3193370715550509e-06
8.3093718733 1.3310071252079806e-06
8.3159977765 1.3477757690710626e-06
8.3226236798 1.3164617118070819e-06
8.3292495831 1.3073229387012365e-06
8.3358754864 1.2916922750713882e-06
8.3425013897 1.2775772651352181e-06
8.3491272929 1.2468175668915727e-06
8.3557531962 1.2378877944790891e-06
8.3623790995 1.2424357155806415e-06
8.3690050028 1.2585997466624973e-06
8.3756309061 1.2528064232322530e-06
8.3822568093 1.2590988335220394e-06
8.3888827126 1.2639288839687848e-06
8.3955086159 1.2457010326230625e-06
8.4021345192 1.2343757282348507e-06
8.4087604225 1.2216056280827026e-06
8.4153863257 1.2030335932025948e-06
8.4220122290 1.2265730617246736e-06
8.4286381323 1.2077716650500181e-06
8.4352640356 1.2001985139734024e-06
8.4418899389 1.2154836224741535e-06
8.4485158421 1.2209861448124833e-06
8.4551417454 1.2403762728578565e-06
8.4617676487 1.2180623155928081e-06
8.4683935520 1.1850248087570390e-06
8.4750194553 1.1615367109881673e-06
8.4816453585 1.1595868087516758e-06
8.4882712618 1.1540054113763227e-06
8.4948971651 1.1793045533568643e-06
8.5015230684 1.1760039771159283e-06
8.5081489717 1.1842129549345838e-06
8.5147748749 1.1894500910594872e-06
8.5214007782 1.1984414005514503e-06
8.5280266815 1.1727047627353910e-06
8.5346525848 1.1521952748990905e-06
8.5412784880 1.1717633622667659e-06
8.5479043913 1.1292311079230154e-06
8.5545302946 1.1458275737468081e-06
8.5611561979 1.1448617626522624e-06
8.5677821012 1.1757439495862625e-06
8.5744080044 1.1844424547230931e-06
8.5810339077 1.1851568832547827e-06
8.5876598110 1.1590333614028466e-06
8.5942857143 1.1896916181646481e-06
8.6009116176 1.1446092857295456e-06
8.6075375208 1.1659568866694021e-06
8.6141634241 1.1678979479725212e-06
8.6207893274 1.1538640978337265e-06
8.6274152307 1.1815559219115406e-06
8.6340411340 1.2068613420494962e-06
8.6406670372 1.2130121055999994e-06
8.6472929405 1.2279721094570709e-06
8.6539188438 1.2130170108799319e-06
8.6605447471 1.2194846604622585e-06
8.6671706504 1.1923552491419500e-06
8.6737965536 1.2229707596910337e-06
8.6804224569 1.2327028414141120e-06
8.6870483602 1.2786340598611427e-06
8.6936742635 1.3358146578785516e-06
8.7003001668 1.3256516903344742e-06
8.7069260700 1.3653325550827197e-06
8.7135519733 1.3859157972543510e-06
8.7201778766 1.4232610327868960e-06
8.7268037799 1.4527037144478388e-06
8.7334296832 1.4911312943458033e-06
8.7400555864 1.5664695652632195e-06
8.7466814897 1.6396631649487459e-06
8.7533073930 1.8224618717435967e-06
8.7599332963 1.9658663937047882e-06
8.7665591996 2.2314859877575607e-06
8.7731851028 2.5095130079452652e-06
8.7798110061 2.9215326923429068e-06
8.7864369094 3.5948433563580794e-06
8.7930628127 4.6172386729169878e-06
8.7996887160 5.8186090632287608e-06
8.8063146192 7.4843571690049524e-06
8.8129405225 9.3438763478351367e-06
8.8195664258 1.1751655475301181e-05
8.8261923291 1.4140628440351919e-05
8.8328182324 1.6774066461051718e-05
8.8394441356 1.8741755734532858e-05
8.8460700389 2.0231565198312892e-05
8.8526959422 2.0299390168312613e-05
8.8593218455 2.0606492444124597e-05
8.8659477487 1.9944125521514702e-05
8.8725736520 1.8705113502203626e-05
8.8791995553 1.7141732386647481e-05
8.8858254586 1.4619023759751023e-05
8.8924513619 1.2064096788522653e-05
8.8990772651 9.7409295537157015e-06
8.9057031684 7.6779187661085654e-06
8.9123290717 5.8906814359681297e-06
8.9189549750 4.3326221583418607e-06
8.9255808783 3.3263849210440862e-06
8.9322067815 2.5272163483938429e-06
8.9388326848 1.9575129573753633e-06
8.9454585881 1.6158088844531187e-06
8.9520844914 1.3469387844893649e-06
8.9587103947 1.1683197330861475e-06
8.9653362979 1.0604031368626954e-06
8.9719622012 9.7076605796145492e-07
8.9785881045 9.0739106753521098e-07
8.9852140078 8.3579469260606819e-07
8.9918399111 8.2561190274434234e-07
8.9984658143 8.1286037978838739e-07
9.0050917176 7.9496696102642374e-07
9.0117176209 7.6376101348974706e-07
9.0183435242 7.2731402596588444e-07
9.0249694275 7.5155742055019644e-07
9.0315953307 7.0686908715822560e-07
9.0382212340 6.8653047715555668e-07
9.0448471373 6.8238919179960682e-07
9.0514730406 6.8742622483317149e-07
9.0580989439 6.7195526192685871e-07
9.0647248471 6.7662665118558907e-07
9.0713507504 6.7014940959253060e-07
9.0779766537 6.5547319117237900e-07
9.0846025570 6.4744239796115962e-07
9.0912284603 6.3405771449475588e-07
9.0978543635 6.2869471677240236e-07
9.1044802668 6.2305280935752036e-07
9.1111061701 6.1369939869645567e-07
9.1177320734 6.2097558828076318e-07
9.1243579767 6.2436628522336682e-07
9.1309838799 6.2129003236579174e-07
9.1376097832 6.1453631678255693e-07
9.1442356865 6.1076584714915142e-07
9.1508615898 6.0698439282233643e-07
9.1574874931 5.8424222686551237e-07
9.1641133963 5.9600559234139594e-07
9.1707392996 5.8932792527184409e-07
9.1773652029 5.8226423611073440e-07
9.1839911062 5.8048387003217796e-07
9.1906170094 5.8178820788502712e-07
9.1972429127 5.7340160026643524e-07
9.2038688160 5.9774943817230671e-07
9.2104947193 5.7380254879532502e-07
9.2171206226 5.7497394002484688e-07
9.2237465258 5.6768943944612802e-07
9.2303724291 5.6599534779838977e-07
9.2369983324 5.4635735688685225e-07
9.2436242357 5.5745216120163753e-07
9.2502501390 5.5808246289279487e-07
9.2568760422 5.5460113658273256e-07
9.2635019455 5.4664251699331368e-07
9.2701278488 5.5020620265632855e-07
9.2767537521 5.4047538786517526e-07
9.2833796554 5.3585629322214697e-07
9.2900055586 5.3914560858326679e-07
9.2966314619 5.3590261441914026e-07
9.3032573652 5.3798317755546593e-07
9.3098832685 5.2840734847417070e-07
9.3165091718 5.3063300353660821e-07
9.3231350750 5.2162889052794133e-07
9.3297609783 5.2094466303559082e-07
9.3363868816 5.1759820566636080e-07
9.3430127849 5.2425955920688298e-07
9.3496386882 5.0781498372588221e-07
9.3562645914 5.0618960794021527e-07
9.3628904947 5.1565460873782835e-07
9.3695163980 4.9840420665509473e-07
9.3761423013 5.0340039478664667e-07
9.3827682046 5.0369360575719042e-07
9.3893941078 5.0356531458382879e-07
9.3960200111 4.9359340983560927e-07
9.4026459144 4.8949350469040584e-07
9.4092718177 4.9257840392056468e-07
9.4158977210 4.9188298541152133e-07
9.4225236242 4.8146282033046226e-07
9.4291495275 4.7951006240272361e-07
9.4357754308 4.8587650304249286e-07
9.4424013341 4.7844682955034355e-07
9.4490272374 4.7465288427330456e-07
9.4556531406 4.7936967933535542e-07
9.4622790439 4.6747745077874533e-07
9.4689049472 4.7932393645542825e-07
9.4755308505 4.6228519177825008e-07
9.4821567538 4.6725328332545240e-07
9.4887826570 4.6631639642732533e-07
9.4954085603 4.6190996533562126e-07
9.5020344636 4.6144502419325141e-07
9.5086603669 4.6263518434917172e-07
9.5152862702 4.6766583367953962e-07
9.5219121734 4.5325006563000197e-07
9.5285380767 4.5877105955082727e-07
9.5351639800 4.5013636872114261e-07
9.5417898833 4.5440762805248118e-07
9.5484157865 4.4889353993011197e-07
9.5550416898 4.4220899931259974e-07
9.5616675931 4.4012090644188444e-07
9.5682934964 4.3419679936200795e-07
9.5749193997 4.3286070346654483e-07
9.5815453029 4.4380950415864361e-07
9.5881712062 4.3073773589674922e-07
9.5947971095 4.3549019970359165e-07
9.6014230128 4.3547849913390563e-07
9.6080489161 4.3141577167059052e-07
9.6146748193 4.2827097294113777e-07
9.6213007226 4.3499026189093599e-07
9.6279266259 4.2034528284960503e-07
9.6345525292 4.1769955782349265e-07
9.6411784325 4.2137850389281169e-07
9.6478043357 4.2057191267661787e-07
9.6544302390 4.2370201150515108e-07
9.6610561423 4.1217220574221809e-07
9.6676820456 4.1999096111933475e-07
9.6743079489 4.0823544275553506e-07
9.6809338521 4.0733797916646534e-07
9.6875597554 4.1090967223945684e-07
9.6941856587 4.0138759932417009e-07
9.7008115620 3.9629474289826892e-07
9.7074374653 4.0295533028775885e-07
9.7140633685 4.0026208771371040e-07
9.7206892718 4.0185031374531291e-07
9.7273151751 4.0100623769102205e-07
9.7339410784 3.9173318833092359e-07
9.7405669817 3.9385630670948390e-07
9.7471928849 3.9704156546543621e-07
9.7538187882 3.8552147016089270e-07
9.7604446915 3.9199470467712176e-07
9.7670705948 3.8440442784240687e-07
9.7736964981 3.8474671013347289e-07
9.7803224013 3.7994580999215367e-07
9.7869483046 3.8279844375132678e-07
9.7935742079 3.7798552000012749e-07
9.8002001112 3.7788275926408332e-07
9.8068260145 3.6851874538802920e-07
9.8134519177 3.7052253105286627e-07
9.8200778210 3.7537946337081279e-07
9.8267037243 3.7034372749575805e-07
9.8333296276 3.6846202766590332e-07
9.8399555309 3.7225586703625721e-07
9.8465814341 3.6986589177206289e-07
9.8532073374 3.6669976378684518e-07
9.8598332407 3.6621731650987541e-07
9.8664591440 3.5966151828466377e-07
9.8730850472 3.5743598184250136e-07
9.8797109505 3.5714266744021750e-07
9.8863368538 3.5518356445660687e-07
9.8929627571 3.5388923253247511e-07
9.8995886604 3.6122665731256041e-07
9.9062145636 3.5950897790937845e-07
9.9128404669 3.5912042438739508e-07
9.9194663702 3.5832430757955366e-07
9.9260922735 3.5901069101132759e-07
9.9327181768 3.5213658855246426e-07
9.9393440800 3.5640127733590231e-07
9.9459699833 3.6005103406467487e-07
9.9525958866 3.5782712563960032e-07
9.9592217899 3.6467150695729420e-07
9.9658476932 3.6310225196106992e-07
9.9724735964 3.6923698602317425e-07
9.9790994997 3.6537495846266965e-07
9.9857254030 3.7241311635117781e-07
9.9923513063 3.7491246271303964e-07
9.9989772096 3.9687704006209768e-07
10.0056031128 4.0264435626221269e-07
10.0122290161 4.2283876804801065e-07
10.0188549194 4.4570655219531079e-07
10.0254808227 4.9239842055395153e-07
10.0321067260 5.5458926469596406e-07
10.0387326292 6.3118703487279944e-07
10.0453585325 7.6023349667676683e-07
10.0519844358 9.4389866195697114e-07
10.0586103391 1.1423685641514454e-06
10.0652362424 1.4507410545219271e-06
10.0718621456 1.7725002592590991e-06
10.0784880489 2.1924347116469026e-06
10.0851139522 2.6374179134974095e-06
10.0917398555 3.0638401885129656e-06
10.0983657588 3.5073561189227458e-06
10.1049916620 3.8936609498847634e-06
10.1116175653 4.1463327303691094e-06
10.1182434686 4.1566102052586735e-06
10.1248693719 4.2269512117521251e-06
10.1314952752 4.2291844492864809e-06
10.1381211784 3.8856992770705110e-06
10.1447470817 3.5305285748961304e-06
10.1513729850 3.1697658062156622e-06
10.1579988883 2.7722755739568935e-06
10.1646247916 2.3219300934296557e-06
10.1712506948 1.9294532613296564e-06
10.1778765981 1.5949068194039744e-06
10.1845025014 1.3016217465439593e-06
10.1911284047 1.0251506358309066e-06
10.1977543079 8.4526070008463102e-07
10.2043802112 7.0640317142051405e-07
10.2110061145 6.1484798681044105e-07
10.2176320178 5.4319817370147519e-07
10.2242579211 4.9204504483161751e-07
10.2308838243 4.5305275107165245e-07
10.2375097276 4.2401571576848973e-07
10.2441356309 3.9660046605814271e-07
10.2507615342 3.8656352222923380e-07
10.2573874375 3.7222158492328996e-07
10.2640133407 3.6234668696495942e-07
10.2706392440 3.5075275373105473e-07
10.2772651473 3.4119303902423246e-07
10.2838910506 3.3953801805894247e-07
10.2905169539 3.3119992118838604e-07
10.2971428571 3.2101617422355872e-07
10.3037687604 3.1148343433513848e-07
10.3103946637 3.1109666879114969e-07
10.3170205670 3.0960286454678357e-07
10.3236464703 3.0834653723340688e-07
10.3302723735 3.0304638166572735e-07
10.3368982768 2.9740458249297609e-07
10.3435241801 3.0034483371792534e-07
10.3501500834 2.9512382417910391e-07
10.3567759867 2.8969277065306419e-07
10.3634018899 2.8666444541953672e-07
10.3700277932 2.8842531414434515e-07
10.3766536965 2.8662970795332014e-07
10.3832795998 2.8152794743330730e-07
10.3899055031 2.7708662030985675e-07
10.3965314063 2.6826895756218226e-07
10.4031573096 2.7037592437196827e-07
10.4097832129 2.6945145461859886e-07
10.4164091162 2.6628439785486979e-07
10.4230350195 2.6857210142194197e-07
10.4296609227 2.6261659188537191e-07
10.4362868260 2.6313639851350554e-07
10.4429127293 2.6259044051675000e-07
10.4495386326 2.5398073239782100e-07
10.4561645359 2.5768248540134722e-07
10.4627904391 2.5665740589330766e-07
10.4694163424 2.5659897817124672e-07
10.4760422457 2.5336252454531360e-07
10.4826681490 2.4507547401289445e-07
10.4892940523 2.4801805875272135e-07
10.4959199555 2.4590902422464528e-07
10.5025458588 2.4723885651090059e-07
10.5091717621 2.4426393751401404e-07
10.5157976654 2.4424140272653920e-07
10.5224235686 2.4108217315720670e-07
10.5290494719 2.4107886336345786e-07
10.5356753752 2.3893523219550178e-07
10.5423012785 2.3660893619513051e-07
10.5489271818 2.3813776375608784e-07
10.5555530850 2.3854391250964164e-07
10.5621789883 2.3199991552328133e-07
10.5688048916 2.3303466797471253e-07
10.5754307949 2.3327834714218093e-07
10.5820566982 2.2752226560775008e-07
10.5886826014 2.2928065311731402e-07
10.5953085047 2.2620806494274111e-07
10.6019344080 2.2718355270800381e-07
10.6085603113 2.2300678237708404e-07
10.6151862146 2.2725733312935347e-07
10.6218121178 2.2480408458083783e-07
10.6284380211 2.2018738048526003e-07
10.6350639244 2.1906945100249582e-07
10.6416898277 2.1993387693524467e-07
10.6483157310 2.2035424691276372e-07
10.6549416342 2.1744825764052590e-07
10.6615675375 2.1732705208722764e-07
10.6681934408 2.1355953815996406e-07
10.6748193441 2.1165117435190120e-07
10.6814452474 2.1319261144129243e-07
10.6880711506 2.1324566724418656e-07
10.6946970539 2.1091962569033177e-07
10.7013229572 2.0921917788316425e-07
10.7079488605 2.0943460457557047e-07
10.7145747638 2.0332126196452991e-07
10.7212006670 2.0502773093892520e-07
10.7278265703 2.0703851138175929e-07
10.7344524736 2.0792268836278999e-07
10.7410783769 1.9978287395066272e-07
10.7477042802 2.0149307292247882e-07
10.7543301834 1.9909911291946140e-07
10.7609560867 1.9787885783810568e-07
10.7675819900 1.9974222390287577e-07
10.7742078933 2.0060828430520698e-07
10.7808337966 1.9896629834123104e-07
10.7874596998 1.9796523281086330e-07
10.7940856031 1.9306409730929524e-07
10.8007115064 1.9429771068416089e-07
10.8073374097 1.9423016027043518e-07
10.8139633130 1.9561252163073626e-07
10.8205892162 1.9511197873457326e-07
10.8272151195 1.8846644539936660e-07
10.8338410228 1.8816059337545028e-07
10.8404669261 1.8329340122565781e-07
10.8470928293 1.8961476083957590e-07
10.8537187326 1.8878690024888479e-07
10.8603446359 1.8496435538851020e-07
10.8669705392 1.8417087047672737e-07
10.8735964425 1.8403879177885355e-07
10.8802223457 1.8135762453681072e-07
10.8868482490 1.8338646501537832e-07
10.8934741523 1.8490979550476629e-07
10.9001000556 1.8151464191206336e-07
10.9067259589 1.8150020045245148e-07
10.9133518621 1.7728994680845842e-07
10.9199777654 1.8019703542103901e-07
10.9266036687 1.7763897376895184e-07
10.9332295720 1.7595521142791497e-07
10.9398554753 1.7775761465304763e-07
10.9464813785 1.7394214761368481e-07
10.9531072818 1.7486329282802650e-07
10.9597331851 1.7413121683467532e-07
10.9663590884 1.7367598445191629e-07
10.9729849917 1.6861535379493649e-07
10.9796108949 1.7017265847268886e-07
10.9862367982 1.6823873294920821e-07
10.9928627015 1.6827564156543156e-07
10.9994886048 1.6630752853453734e-07
11.0061145081 1.6791561086070834e-07
11.0127404113 1.6484638259975682e-07
11.0193663146 1.6632140863646021e-07
11.0259922179 1.6742213793383344e-07
11.0326181212 1.6488608695611476e-07
11.0392440245 1.6559109848184698e-07
11.0458699277 1.6402903686689290e-07
11.0524958310 1.6327834099165949e-07
11.0591217343 1.6188621377795961e-07
11.0657476376 1.6264600818878232e-07
11.0723735409 1.6122161573890855e-07
11.0789994441 1.6320831649954252e-07
11.0856253474 1.5927953262901575e-07
11.0922512507 1.5907998250862598e-07
11.0988771540 1.6266857319334893e-07
11.1055030573 1.6332570181506753e-07
11.1121289605 1.5859531925520803e-07
11.1187548638 1.5724592394757376e-07
11.1253807671 1.5705662796113681e-07
11.1320066704 1.5557741209446072e-07
11.1386325737 1.5910251207999720e-07
11.1452584769 1.5683896740035802e-07
11.1518843802 1.5840181918554312e-07
11.1585102835 1.5284521862165597e-07
11.1651361868 1.5658014626003056e-07
11.1717620901 1.5597864621041565e-07
11.1783879933 1.5469109104671329e-07
11.1850138966 1.5652133318124874e-07
11.1916397999 1.5447824293928102e-07
11.1982657032 1.5537263678694112e-07
11.2048916064 1.5623609466405265e-07
11.2115175097 1.5385153557610189e-07
11.2181434130 1.5883969282408008e-07
11.2247693163 1.5856947542592909e-07
11.2313952196 1.5862029978416804e-07
11.2380211228 1.6125877766381264e-07
11.2446470261 1.6107894571013328e-07
11.2512729294 1.6038227278339035e-07
11.2578988327 1.6620315856120431e-07
11.2645247360 1.6963352506857483e-07
11.2711506392 1.7669474102505086e-07
11.2777765425 1.8248756730312750e-07
11.2844024458 1.9837514500516981e-07
11.2910283491 2.0995935237079184e-07
11.2976542524 2.3124457998417410e-07
11.3042801556 2.6621150740099589e-07
11.3109060589 3.0362367407303526e-07
11.3175319622 3.6101256370041722e-07
11.3241578655 4.2608040228851439e-07
11.3307837688 4.9521565866868443e-07
11.3374096720 5.7613847860618877e-07
11.3440355753 6.8138848253956718e-07
11.3506614786 7.7276422385545877e-07
11.3572873819 8.5021002921044553e-07
11.3639132852 9.3524367052633968e-07
11.3705391884 9.9618732620903319e-07
11.3771650917 1.0265443055364142e-06
11.3837909950 1.0320341158377111e-06
11.3904168983 1.0589247708078606e-06
11.3970428016 9.9203867006181887e-07
11.4036687048 9.3074003240828819e-07
11.4102946081 8.6262790841182935e-07
11.4169205114 7.9121990041947551e-07
11.4235464147 6.8531524154202395e-07
11.4301723180 5.9669498709878423e-07
11.4367982212 5.0305733594126242e-07
11.4434241245 4.2513314547718937e-07
11.4500500278 3.5687105670994983e-07
11.4566759311 2.9847789509516976e-07
11.4633018344 2.5499511999107902e-07
11.4699277376 2.2157150090684338e-07
11.4765536409 1.9552629672820628e-07
11.4831795442 1.7250218992573588e-07
11.4898054475 1.5602529654826355e-07
11.4964313508 1.4716996279485522e-07
11.5030572540 1.3955719453120803e-07
11.5096831573 1.3244395034799533e-07
11.5163090606 1.2910894161835345e-07
11.5229349639 1.2698914505597678e-07
11.5295608671 1.2496527241603533e-07
11.5361867704 1.2058269604349011e-07
11.5428126737 1.2118071855003632e-07
11.5494385770 1.1918265301453555e-07
11.5560644803 1.1881244861728420e-07
11.5626903835 1.1716500777952728e-07
11.5693162868 1.1509265441960571e-07
11.5759421901 1.1474693148272104e-07
11.5825680934 1.1526039252822391e-07
11.5891939967 1.1330893718227370e-07
11.5958198999 1.1075286907553202e-07
11.6024458032 1.1079373202737927e-07
11.6090717065 1.1219888514236945e-07
11.6156976098 1.1019445419946962e-07
11.6223235131 1.0864574598576697e-07
11.6289494163 1.0875092227195676e-07
11.6355753196 1.0711081764568446e-07
11.6422012229 1.0571742804253856e-07
11.6488271262 1.0779796057195299e-07
11.6554530295 1.0500307873853035e-07
11.6620789327 1.0524610955575796e-07
11.6687048360 1.0176856393691896e-07
11.6753307393 1.0500349219855539e-07
11.6819566426 1.0494995586690972e-07
11.6885825459 1.0128366359009410e-07
11.6952084491 1.0208864772525628e-07
11.7018343524 1.0145022645774839e-07
11.7084602557 1.0025284014308969e-07
11.7150861590 1.0146020100121291e-07
11.7217120623 1.0085905764709857e-07
11.7283379655 9.9234663338094045e-08
11.7349638688 9.7492313306631070e-08
11.7415897721 9.7766058490204147e-08
11.7482156754 9.6885964529035418e-08
11.7548415787 9.8149561752210770e-08
11.7614674819 9.7345164771229337e-08
11.7680933852 9.5480173286429430e-08
11.7747192885 9.5523938773268450e-08
11.7813451918 9.5667038163880386e-08
11.7879710951 9.3070987585798622e-08
11.7945969983 9.3638514407974060e-08
11.8012229016 9.3036303076994065e-08
11.8078488049 9.2341175629773436e-08
11.8144747082 9.2227484403644172e-08
11.8211006115 9.2398570645923034e-08
11.8277265147 9.2469735262553623e-08
11.8343524180 9.1020747766543695e-08
11.8409783213 9.0454629546921633e-08
11.8476042246 9.0654131431724565e-08
11.8542301278 8.9321632312995627e-08
11.8608560311 9.1061897007155452e-08
11.8674819344 8.7798657087176595e-08
11.8741078377 8.9439403457439022e-08
11.8807337410 8.8755619545317864e-08
11.8873596442 8.9117581868971822e-08
11.8939855475 8.9133589880655087e-08
11.9006114508 8.6122443757790060e-08
11.9072373541 8.7206847360014634e-08
11.9138632574 8.6262200328400437e-08
11.9204891606 8.7053145354555632e-08
11.9271150639 8.6631662178065327e-08
11.9337409672 8.5498113596587118e-08
11.9403668705 8.5286663688453513e-08
11.9469927738 8.4301164119793707e-08
11.9536186770 8.4158036641860831e-08
11.9602445803 8.3699942248338575e-08
11.9668704836 8.3015686580403353e-08
11.9734963869 8.4095027341808703e-08
11.9801222902 8.2571889379928781e-08
11.9867481934 8.3034207886748533e-08
11.9933740967 8.1731542805730059e-08
12.0000000000 8.3033728367092598e-08
