# 2theta_deg intensity
0.0800000000 8.6929117070231532e-01
0.0866055046 8.7472106470651401e-01
0.0932110092 8.6622100822169845e-01
0.0998165138 8.4292016058742936e-01
0.1064220183 8.4833416320910637e-01
0.1130275229 8.5573191815301308e-01
0.1196330275 8.5320590786078243e-01
0.1262385321 8.5383348179432694e-01
0.1328440367 8.7196781615862029e-01
0.1394495413 8.5363286875123323e-01
0.1460550459 8.7179974278926475e-01
0.1526605505 8.5441760008102074e-01
0.1592660550 8.6661702537498342e-01
0.1658715596 8.2537597930562612e-01
0.1724770642 8.5086019672238922e-01
0.1790825688 8.5033650982539366e-01
0.1856880734 8.5122408631786306e-01
0.1922935780 8.5268003740595288e-01
0.1988990826 8.4217556496746182e-01
0.2055045872 8.5516743605127532e-01
0.2121100917 8.4849885185927432e-01
0.2187155963 8.4982642305758527e-01
0.2253211009 8.4704541052809845e-01
0.2319266055 8.4538393173446513e-01
0.2385321101 8.4260958354740367e-01
0.2451376147 8.3005890029155383e-01
0.2517431193 8.4575930533409482e-01
0.2583486239 8.3367219232340062e-01
0.2649541284 8.5207355518664729e-01
0.2715596330 8.3437426055405139e-01
0.2781651376 8.4848792787641680e-01
0.2847706422 8.4056394522097710e-01
0.2913761468 8.4001522461344125e-01
0.2979816514 8.2537611229520647e-01
0.3045871560 8.4302810248739923e-01
0.3111926606 8.1274348459837109e-01
0.3177981651 8.2304393709310208e-01
0.3244036697 8.3608503214877361e-01
0.3310091743 8.2708279431996456e-01
0.3376146789 8.1254791515103852e-01
0.3442201835 8.2961885513962097e-01
0.3508256881 8.1839678151398954e-01
0.3574311927 8.1772405834613415e-01
0.3640366972 8.3026732805755066e-01
0.3706422018 8.3407577626803031e-01
0.3772477064 8.1021611990052833e-01
0.3838532110 8.1188749046633846e-01
0.3904587156 7.9780713196166508e-01
0.3970642202 8.0648794868744123e-01
0.4036697248 7.8303093313975447e-01
0.4102752294 7.8054276270218326e-01
0.4168807339 7.8973292695970809e-01
0.4234862385 7.5868361331504297e-01
0.4300917431 7.1240824772347022e-01
0.4366972477 6.6785222204482741e-01
0.4433027523 5.2689962357739661e-01
0.4499082569 2.9677877521275803e-01
0.4565137615 1.6126398343555726e-01
0.4631192661 1.0131544117506447e-01
0.4697247706 7.2163624235154794e-02
0.4763302752 5.5325482614511118e-02
0.4829357798 4.7326595367725439e-02
0.4895412844 4.2474356227979917e-02
0.4961467890 3.9471394489214877e-02
0.5027522936 3.6995142051268741e-02
0.5093577982 3.6616981938350897e-02
0.5159633028 3.6315127969590515e-02
0.5225688073 3.5868485165027671e-02
0.5291743119 3.5227025837988021e-02
0.5357798165 3.4908195804109789e-02
0.5423853211 3.4444689178269407e-02
0.5489908257 3.4769467874103309e-02
0.5555963303 3.4061034135599196e-02
0.5622018349 3.2826094323222657e-02
0.5688073394 3.2138609863540904e-02
0.5754128440 3.1718148579534373e-02
0.5820183486 3.0291451034865153e-02
0.5886238532 2.9773926439457789e-02
0.5952293578 2.8425065963208533e-02
0.6018348624 2.7907276470980596e-02
0.6084403670 2.7188451177628879e-02
0.6150458716 2.6033716976436652e-02
0.6216513761 2.5168366998538971e-02
0.6282568807 2.3965322712032916e-02
0.6348623853 2.3804473217932859e-02
0.6414678899 2.2332157019408834e-02
0.6480733945 2.0704427529905083e-02
0.6546788991 1.9881979510294925e-02
0.6612844037 1.8943761111226507e-02
0.6678899083 1.8498408603090637e-02
0.6744954128 1.7081930646003669e-02
0.6811009174 1.6283304740038553e-02
0.6877064220 1.5191529660346599e-02
0.6943119266 1.4311610875446683e-02
0.7009174312 1.3400996604460823e-02
0.7075229358 1.2745584380372803e-02
0.7141284404 1.2025421533667853e-02
0.7207339450 1.1181566509545771e-02
0.7273394495 1.0488922837143481e-02
0.7339449541 9.6707916294141352e-03
0.7405504587 9.2244040291149364e-03
0.7471559633 8.5559762565273027e-03
0.7537614679 7.9780662383886324e-03
0.7603669725 7.3381720864835855e-03
0.7669724771 6.9381184387184687e-03
0.7735779817 6.3978459560388654e-03
0.7801834862 5.9205258776133104e-03
0.7867889908 5.5183410483050470e-03
0.7933944954 5.2064298088065029e-03
0.8000000000 4.7820059716114803e-03
0.8066055046 4.4618816529406373e-03
0.8132110092 4.2108687556349552e-03
0.8198165138 3.9663341033897379e-03
0.8264220183 3.7549894847030362e-03
0.8330275229 3.4839180988975003e-03
0.8396330275 3.3120071231705407e-03
0.8462385321 3.1381968216652309e-03
0.8528440367 2.9450057690125720e-03
0.8594495413 2.7810316634940616e-03
0.8660550459 2.7206526238020426e-03
0.8726605505 2.6478792617612309e-03
0.8792660550 2.5447047904450649e-03
0.8858715596 2.4417951653428051e-03
0.8924770642 2.3886262505523584e-03
0.8990825688 2.3491843350341921e-03
0.9056880734 2.2820790983684954e-03
0.9122935780 2.2263988181197834e-03
0.9188990826 2.1884743305447714e-03
0.9255045872 2.1780572147423118e-03
0.9321100917 2.1228332107251662e-03
0.9387155963 2.1421629093173501e-03
0.9453211009 2.1033600682349011e-03
0.9519266055 2.0797723950468994e-03
0.9585321101 2.0954890370423118e-03
0.9651376147 2.0129244063398178e-03
0.9717431193 2.0527602714431482e-03
0.9783486239 2.0561414036400884e-03
0.9849541284 2.0267291758403459e-03
0.9915596330 1.9852233237842940e-03
0.9981651376 2.0185173299400068e-03
1.0047706422 1.9853003704530898e-03
1.0113761468 1.9905656920516058e-03
1.0179816514 1.9791698424399579e-03
1.0245871560 1.9596796899048340e-03
1.0311926606 1.9812153877709726e-03
1.0377981651 1.9321482884235713e-03
1.0444036697 1.9023631637862166e-03
1.0510091743 1.8657450422925842e-03
1.0576146789 1.8549760478616761e-03
1.0642201835 1.8573663376357586e-03
1.0708256881 1.8019256560144780e-03
1.0774311927 1.7654983704332721e-03
1.0840366972 1.7299442462158630e-03
1.0906422018 1.6892543612401154e-03
1.0972477064 1.6324179139149040e-03
1.1038532110 1.6025420548601225e-03
1.1104587156 1.5709239812207569e-03
1.1170642202 1.4939697774857758e-03
1.1236697248 1.4728855130818951e-03
1.1302752294 1.4220484968552381e-03
1.1368807339 1.3950833877095132e-03
1.1434862385 1.3536417176783307e-03
1.1500917431 1.2930696677773742e-03
1.1566972477 1.2556573423703971e-03
1.1633027523 1.2119864182564342e-03
1.1699082569 1.1668507137751736e-03
1.1765137615 1.1201220292680393e-03
1.1831192661 1.0697176073325900e-03
1.1897247706 1.0383053932499105e-03
1.1963302752 9.8268409247680285e-04
1.2029357798 9.1882760649309098e-04
1.2095412844 8.9744237314689102e-04
1.2161467890 8.6188177610102589e-04
1.2227522936 8.1385873233050460e-04
1.2293577982 7.8889834483751500e-04
1.2359633028 7.3915655144164802e-04
1.2425688073 7.1166382723620507e-04
1.2491743119 6.8355846991579423e-04
1.2557798165 6.5014038622364248e-04
1.2623853211 6.2386916777475176e-04
1.2689908257 5.8657242258904779e-04
1.2755963303 5.7010832650679724e-04
1.2822018349 5.3850967031922401e-04
1.2888073394 5.1414569189835505e-04
1.2954128440 5.0380206054887887e-04
1.3020183486 4.8510648209854252e-04
1.3086238532 4.5520275293101835e-04
1.3152293578 4.4134267773665809e-04
1.3218348624 4.3386311607212662e-04
1.3284403670 4.2297818086933444e-04
1.3350458716 3.9775814605858190e-04
1.3416513761 3.9517164003893818e-04
1.3482568807 3.8648816219343077e-04
1.3548623853 3.7976382458964833e-04
1.3614678899 3.7136230249244312e-04
1.3680733945 3.6835668455341240e-04
1.3746788991 3.5638215889917282e-04
1.3812844037 3.5583586259576910e-04
1.3878899083 3.5555557220175930e-04
1.3944954128 3.5185028935808910e-04
1.4011009174 3.4878427155406600e-04
1.4077064220 3.4765130095477123e-04
1.4143119266 3.4643942242669040e-04
1.4209174312 3.5023822838548864e-04
1.4275229358 3.5307748033818062e-04
1.4341284404 3.5208124688124480e-04
1.4407339450 3.5281216344105901e-04
1.4473394495 3.5208026786815984e-04
1.4539449541 3.5784042889512374e-04
1.4605504587 3.5531141863389120e-04
1.4671559633 3.5269968943540302e-04
1.4737614679 3.5169581278472663e-04
1.4803669725 3.5959483933402597e-04
1.4869724771 3.6365632192943874e-04
1.4935779817 3.6207767178025310e-04
1.5001834862 3.5389169956301044e-04
1.5067889908 3.5940096842527569e-04
1.5133944954 3.5612437427415120e-04
1.5200000000 3.5809529468628580e-04
1.5266055046 3.5978604983464386e-04
1.5332110092 3.4997143546483436e-04
1.5398165138 3.5172940257066908e-04
1.5464220183 3.4970788992525436e-04
1.5530275229 3.4232243901647036e-04
1.5596330275 3.3496671570383926e-04
1.5662385321 3.3541680675955532e-04
1.5728440367 3.2936102138903829e-04
1.5794495413 3.2715359037928930e-04
1.5860550459 3.1642184647939092e-04
1.5926605505 3.1885387360048488e-04
1.5992660550 3.1467199451403523e-04
1.6058715596 3.0427855958521492e-04
1.6124770642 3.0191293143774057e-04
1.6190825688 2.8844119341717481e-04
1.6256880734 2.8841110949598051e-04
1.6322935780 2.7382486477536068e-04
1.6388990826 2.7196201596774649e-04
1.6455045872 2.6343077892808007e-04
1.6521100917 2.5215813610898188e-04
1.6587155963 2.4850080931256333e-04
1.6653211009 2.4049584227273904e-04
1.6719266055 2.3509986642169790e-04
1.6785321101 2.2555434648309091e-04
1.6851376147 2.1931221004608701e-04
1.6917431193 2.0990041095836641e-04
1.6983486239 1.9950285171351637e-04
1.7049541284 1.9546709721540072e-04
1.7115596330 1.9181244208918880e-04
1.7181651376 1.8042071158918123e-04
1.7247706422 1.7414027718818599e-04
1.7313761468 1.6664971714515250e-04
1.7379816514 1.5990871229057944e-04
1.7445871560 1.5249636236441756e-04
1.7511926606 1.5023328694253033e-04
1.7577981651 1.4606808582680921e-04
1.7644036697 1.3817533207872648e-04
1.7710091743 1.3331929302486640e-04
1.7776146789 1.3160544634592124e-04
1.7842201835 1.2465605692004044e-04
1.7908256881 1.1980015450366007e-04
1.7974311927 1.1642850606703633e-04
1.8040366972 1.1391321581151797e-04
1.8106422018 1.0808585301019119e-04
1.8172477064 1.0906662969589317e-04
1.8238532110 1.0410574916139398e-04
1.8304587156 1.0404554540893986e-04
1.8370642202 1.0018599707250327e-04
1.8436697248 9.9605243235960866e-05
1.8502752294 9.6737829184506314e-05
1.8568807339 9.5766873481093517e-05
1.8634862385 9.7229372914202041e-05
1.8700917431 9.6415312981790175e-05
1.8766972477 9.4963431860598964e-05
1.8833027523 9.5969575839254917e-05
1.8899082569 9.5801635478123018e-05
1.8965137615 9.5963433577952908e-05
1.9031192661 9.4708523624913654e-05
1.9097247706 9.6207278905587680e-05
1.9163302752 9.6383626367597115e-05
1.9229357798 9.5565536518273233e-05
1.9295412844 9.6360389250112793e-05
1.9361467890 9.8474197638633343e-05
1.9427522936 9.9556453426155963e-05
1.9493577982 9.8916277993879313e-05
1.9559633028 9.9059450625058794e-05
1.9625688073 1.0025465035183863e-04
1.9691743119 1.0019323223447101e-04
1.9757798165 1.0023292298012032e-04
1.9823853211 1.0308276774736425e-04
1.9889908257 1.0193103664130076e-04
1.9955963303 1.0227086849252653e-04
2.0022018349 1.0307589803831552e-04
2.0088073394 1.0362558285990230e-04
2.0154128440 1.0245098835684564e-04
2.0220183486 1.0283517508859115e-04
2.0286238532 1.0230522185783910e-04
2.0352293578 1.0028396085296915e-04
2.0418348624 1.0175710553369182e-04
2.0484403670 1.0241341557287574e-04
2.0550458716 1.0044987424163858e-04
2.0616513761 1.0166907009848072e-04
2.0682568807 9.7622451354452506e-05
2.0748623853 9.7868145086876980e-05
2.0814678899 9.7516177602090836e-05
2.0880733945 9.6016677954865543e-05
2.0946788991 9.1382742372495847e-05
2.1012844037 9.4637934095380399e-05
2.1078899083 8.9764460686741105e-05
2.1144954128 9.0223267089481777e-05
2.1211009174 8.8977538096963240e-05
2.1277064220 8.4267480254952368e-05
2.1343119266 8.3747623561572721e-05
2.1409174312 8.1555812465041277e-05
2.1475229358 7.8649877889604245e-05
2.1541284404 7.7233628178311977e-05
2.1607339450 7.6164989217135178e-05
2.1673394495 7.3379002133134466e-05
2.1739449541 7.1550937569755317e-05
2.1805504587 6.9066092025999213e-05
2.1871559633 6.8009678392397086e-05
2.1937614679 6.4559353632466046e-05
2.2003669725 6.3998115556864214e-05
2.2069724771 6.0510484493500036e-05
2.2135779817 5.9242610228157894e-05
2.2201834862 5.7783306167248705e-05
2.2267889908 5.5542057572944551e-05
2.2333944954 5.4079748079688183e-05
2.2400000000 5.1924430777530969e-05
2.2466055046 4.9161077290206637e-05
2.2532110092 4.8352506917574249e-05
2.2598165138 4.7182576671007736e-05
2.2664220183 4.5843025060207200e-05
2.2730275229 4.3931273466167812e-05
2.2796330275 4.2748398855393569e-05
2.2862385321 4.1612461507558996e-05
2.2928440367 4.0361415514794307e-05
2.2994495413 3.9294471002955903e-05
2.3060550459 3.8758791234757168e-05
2.3126605505 3.7655174696942721e-05
2.3192660550 3.6264890090065655e-05
2.3258715596 3.6139354410770778e-05
2.3324770642 3.6220715957724783e-05
2.3390825688 3.4639993793746932e-05
2.3456880734 3.4403643556680415e-05
2.3522935780 3.4071356583008556e-05
2.3588990826 3.4295660570624360e-05
2.3655045872 3.3791173706251378e-05
2.3721100917 3.3590959095575442e-05
2.3787155963 3.3524873029481891e-05
2.3853211009 3.4090053879050053e-05
2.3919266055 3.3513210222111592e-05
2.3985321101 3.3723415891151171e-05
2.4051376147 3.3443065758876810e-05
2.4117431193 3.3916724965610098e-05
2.4183486239 3.4499032488402847e-05
2.4249541284 3.4247963207539376e-05
2.4315596330 3.4470670834606784e-05
2.4381651376 3.4853056763110291e-05
2.4447706422 3.4801742990312816e-05
2.4513761468 3.5661830414239288e-05
2.4579816514 3.4742526504955479e-05
2.4645871560 3.5409740048303955e-05
2.4711926606 3.6061287986724168e-05
2.4777981651 3.6047972778770299e-05
2.4844036697 3.6010825084542730e-05
2.4910091743 3.6395626385103779e-05
2.4976146789 3.6987111673611266e-05
2.5042201835 3.7563619423741011e-05
2.5108256881 3.7143698203217159e-05
2.5174311927 3.7163119786470141e-05
2.5240366972 3.7091122515203550e-05
2.5306422018 3.7995641192052068e-05
2.5372477064 3.7343059991560667e-05
2.5438532110 3.7360320855392610e-05
2.5504587156 3.6766340278745915e-05
2.5570642202 3.7188338734787368e-05
2.5636697248 3.6602582831825058e-05
2.5702752294 3.5992418256697001e-05
2.5768807339 3.5582393858214318e-05
2.5834862385 3.5561906512766193e-05
2.5900917431 3.4292502517821290e-05
2.5966972477 3.4962155052757778e-05
2.6033027523 3.4943731430186730e-05
2.6099082569 3.4467090468001661e-05
2.6165137615 3.3387678263982357e-05
2.6231192661 3.2916763406378058e-05
2.6297247706 3.2879110293213752e-05
2.6363302752 3.1465537271700278e-05
2.6429357798 3.0969833012893949e-05
2.6495412844 3.0165692220525373e-05
2.6561467890 2.9477453152311410e-05
2.6627522936 2.8844280785348891e-05
2.6693577982 2.8786682688099569e-05
2.6759633028 2.7706352167667910e-05
2.6825688073 2.7448940752831998e-05
2.6891743119 2.6429936006948080e-05
2.6957798165 2.5767395827660660e-05
2.7023853211 2.4348766837291218e-05
2.7089908257 2.4292113897277274e-05
2.7155963303 2.3172819679637747e-05
2.7222018349 2.2369630927874174e-05
2.7288073394 2.1654439724939779e-05
2.7354128440 2.1400221707824983e-05
2.7420183486 2.0672207901969533e-05
2.7486238532 1.9698318693997723e-05
2.7552293578 1.9293398384091086e-05
2.7618348624 1.8868387362913518e-05
2.7684403670 1.8315420422954100e-05
2.7750458716 1.7565124618205080e-05
2.7816513761 1.7362438262489533e-05
2.7882568807 1.6618481285888417e-05
2.7948623853 1.6348825931822304e-05
2.8014678899 1.6132438695675511e-05
2.8080733945 1.5665969439135968e-05
2.8146788991 1.5289633631927182e-05
2.8212844037 1.4960205651161608e-05
2.8278899083 1.4923435507737918e-05
2.8344954128 1.4420855325272339e-05
2.8411009174 1.4453779128972175e-05
2.8477064220 1.4371594710245388e-05
2.8543119266 1.4142578397984870e-05
2.8609174312 1.4031092030720296e-05
2.8675229358 1.4020995261243485e-05
2.8741284404 1.3629810559195101e-05
2.8807339450 1.3861176320109509e-05
2.8873394495 1.3928200456252943e-05
2.8939449541 1.4012154427068295e-05
2.9005504587 1.3856284725589987e-05
2.9071559633 1.4174156014814053e-05
2.9137614679 1.4206131669400715e-05
2.9203669725 1.4191940512042387e-05
2.9269724771 1.4194639444239014e-05
2.9335779817 1.4389628118294241e-05
2.9401834862 1.4429883556142576e-05
2.9467889908 1.4545343245334439e-05
2.9533944954 1.4878953052701196e-05
2.9600000000 1.4614876613647626e-05
2.9666055046 1.4772516478195688e-05
2.9732110092 1.5123925431321426e-05
2.9798165138 1.5076121831314088e-05
2.9864220183 1.5425373432676429e-05
2.9930275229 1.5339467987421178e-05
2.9996330275 1.5395127745006218e-05
3.0062385321 1.5461300482552106e-05
3.0128440367 1.5426596591935875e-05
3.0194495413 1.5675602336830016e-05
3.0260550459 1.5520709919565283e-05
3.0326605505 1.5854470610844752e-05
3.0392660550 1.5673291180669705e-05
3.0458715596 1.5971275605936758e-05
3.0524770642 1.5568652050796418e-05
3.0590825688 1.5306479480129753e-05
3.0656880734 1.5453158350418667e-05
3.0722935780 1.5499358377672612e-05
3.0788990826 1.5411344200550019e-05
3.0855045872 1.5085613598303895e-05
3.0921100917 1.5088638000297556e-05
3.0987155963 1.5185748398037013e-05
3.1053211009 1.4562190983637642e-05
3.1119266055 1.4404182250775702e-05
3.1185321101 1.4325604771896224e-05
3.1251376147 1.4247651563375618e-05
3.1317431193 1.3726100679749795e-05
3.1383486239 1.3888792937010267e-05
3.1449541284 1.3371517438202667e-05
3.1515596330 1.3250519398494495e-05
3.1581651376 1.2839326831609816e-05
3.1647706422 1.2645397043204353e-05
3.1713761468 1.2399238690261181e-05
3.1779816514 1.2282078349102609e-05
3.1845871560 1.1789895857770835e-05
3.1911926606 1.1506687370073413e-05
3.1977981651 1.1410305292346249e-05
3.2044036697 1.0973094942918697e-05
3.2110091743 1.0678369425398052e-05
3.2176146789 1.0556124513720340e-05
3.2242201835 1.0095195789151560e-05
3.2308256881 9.8592683204040390e-06
3.2374311927 9.4259465335734616e-06
3.2440366972 9.1143728031668630e-06
3.2506422018 8.9356495054683871e-06
3.2572477064 8.8380032554156301e-06
3.2638532110 8.4496091229657457e-06
3.2704587156 8.4006451796247226e-06
3.2770642202 8.2389440723182453e-06
3.2836697248 7.9581765059346010e-06
3.2902752294 7.7699080953689017e-06
3.2968807339 7.4960476783087649e-06
3.3034862385 7.4220239969076539e-06
3.3100917431 7.2240770701275158e-06
3.3166972477 7.1605710775891094e-06
3.3233027523 7.1107654247923584e-06
3.3299082569 6.8771917797358157e-06
3.3365137615 6.8335990357935497e-06
3.3431192661 6.6804411471371117e-06
3.3497247706 6.6766135722574068e-06
3.3563302752 6.5958356400971895e-06
3.3629357798 6.6231799559309491e-06
3.3695412844 6.4701750541213915e-06
3.3761467890 6.4374754984571560e-06
3.3827522936 6.5768309677832510e-06
3.3893577982 6.5162795091123190e-06
3.3959633028 6.4341957694409141e-06
3.4025688073 6.4955481090367306e-06
3.4091743119 6.5190058156320943e-06
3.4157798165 6.6043240505253894e-06
3.4223853211 6.6961115839552214e-06
3.4289908257 6.5555569025636387e-06
3.4355963303 6.5882752735576624e-06
3.4422018349 6.7029318027939085e-06
3.4488073394 6.7578941112245133e-06
3.4554128440 6.8328199584995205e-06
3.4620183486 6.8610945545918945e-06
3.4686238532 6.8307665580422550e-06
3.4752293578 6.9184243030508807e-06
3.4818348624 6.9504830222510040e-06
3.4884403670 7.1224602431235803e-06
3.4950458716 7.0303951450547693e-06
3.5016513761 7.1065855400852195e-06
3.5082568807 7.1539647739267595e-06
3.5148623853 7.1845042558866981e-06
3.5214678899 7.1751787340169911e-06
3.5280733945 7.2005647718453257e-06
3.5346788991 7.3605663355513014e-06
3.5412844037 7.2890840753005707e-06
3.5478899083 7.2058470503509096e-06
3.5544954128 7.3355245292762037e-06
3.5611009174 7.2453877440678631e-06
3.5677064220 7.1684563763696954e-06
3.5743119266 7.1702927584397024e-06
3.5809174312 7.1830448177639948e-06
3.5875229358 7.2954616299314638e-06
3.5941284404 6.9556325444034793e-06
3.6007339450 7.1790418965490838e-06
3.6073394495 6.9363406360036105e-06
3.6139449541 6.8694132732383661e-06
3.6205504587 6.8152222300893136e-06
3.6271559633 6.6440393305517340e-06
3.6337614679 6.6123900969822627e-06
3.6403669725 6.5284062715917995e-06
3.6469724771 6.3508037065232071e-06
3.6535779817 6.4126443833809497e-06
3.6601834862 6.1575785719610660e-06
3.6667889908 6.0008718654117007e-06
3.6733944954 5.8841175612847028e-06
3.6800000000 5.8637761153152305e-06
3.6866055046 5.8721614134813315e-06
3.6932110092 5.6195196438843078e-06
3.6998165138 5.4878257215186999e-06
3.7064220183 5.3630136873758162e-06
3.7130275229 5.1993480031853843e-06
3.7196330275 5.0650032902661205e-06
3.7262385321 5.0252259776516371e-06
3.7328440367 4.8734580143686418e-06
3.7394495413 4.8133205023250821e-06
3.7460550459 4.5763463969440545e-06
3.7526605505 4.5292693908849852e-06
3.7592660550 4.3817660178387778e-06
3.7658715596 4.2525821842730067e-06
3.7724770642 4.1417469256209611e-06
3.7790825688 4.1325342527814489e-06
3.7856880734 3.9165556768488791e-06
3.7922935780 3.9286960825435632e-06
3.7988990826 3.8311203755190630e-06
3.8055045872 3.7548140425338666e-06
3.8121100917 3.6684969842636303e-06
3.8187155963 3.5808017513707063e-06
3.8253211009 3.5786550938912567e-06
3.8319266055 3.4927226972085214e-06
3.8385321101 3.4223125312976161e-06
3.8451376147 3.4592311597394275e-06
3.8517431193 3.3697262125805965e-06
3.8583486239 3.3410841284395848e-06
3.8649541284 3.2997654002624078e-06
3.8715596330 3.3454203627138168e-06
3.8781651376 3.2725506908161809e-06
3.8847706422 3.2776869713126901e-06
3.8913761468 3.2095526148586966e-06
3.8979816514 3.2125039725404093e-06
3.9045871560 3.2774823571566840e-06
3.9111926606 3.2839733860382965e-06
3.9177981651 3.2495534828702728e-06
3.9244036697 3.2635819652493641e-06
3.9310091743 3.2975211324533352e-06
3.9376146789 3.3879638168431159e-06
3.9442201835 3.3292763400317737e-06
3.9508256881 3.3927423607355245e-06
3.9574311927 3.3831769924623204e-06
3.9640366972 3.3859105780471193e-06
3.9706422018 3.4190890465572307e-06
3.9772477064 3.4888568958789100e-06
3.9838532110 3.4695583003689317e-06
3.9904587156 3.5985166254512043e-06
3.9970642202 3.5288074943636705e-06
4.0036697248 3.5165564863091093e-06
4.0102752294 3.5423083742236045e-06
4.0168807339 3.6428806020753381e-06
4.0234862385 3.5775450154243775e-06
4.0300917431 3.5961683409017927e-06
4.0366972477 3.6040593188065947e-06
4.0433027523 3.6911344527472149e-06
4.0499082569 3.6206728379664103e-06
4.0565137615 3.6219873613329903e-06
4.0631192661 3.6287692215623430e-06
4.0697247706 3.5739952280885984e-06
4.0763302752 3.6367175615171843e-06
4.0829357798 3.5684324383024481e-06
4.0895412844 3.5806044679544794e-06
4.0961467890 3.6361532329112429e-06
4.1027522936 3.4790027849969518e-06
4.1093577982 3.5089335989688508e-06
4.1159633028 3.4648845539627709e-06
4.1225688073 3.3853676162138725e-06
4.1291743119 3.4118782105016936e-06
4.1357798165 3.3950170828262646e-06
4.1423853211 3.3096699296980838e-06
4.1489908257 3.2188682224018078e-06
4.1555963303 3.2410524894471806e-06
4.1622018349 3.1785612662207697e-06
4.1688073394 3.0976008839489845e-06
4.1754128440 3.1008414464408572e-06
4.1820183486 2.9810895965507418e-06
4.1886238532 3.0076049007910756e-06
4.1952293578 2.9647464527012138e-06
4.2018348624 2.8334123347286452e-06
4.2084403670 2.7819499877826027e-06
4.2150458716 2.7432694524472709e-06
4.2216513761 2.6776718737633924e-06
4.2282568807 2.5675805642143497e-06
4.2348623853 2.5860623786080737e-06
4.2414678899 2.4908306338180094e-06
4.2480733945 2.4635220633567210e-06
4.2546788991 2.3803766487449512e-06
4.2612844037 2.3465130664886521e-06
4.2678899083 2.2506830595175561e-06
4.2744954128 2.2635043847545198e-06
4.2811009174 2.1975213250993742e-06
4.2877064220 2.1524578518831697e-06
4.2943119266 2.1148819051589578e-06
4.3009174312 2.0639601905060741e-06
4.3075229358 2.0594613457190799e-06
4.3141284404 1.9854094245481904e-06
4.3207339450 1.9917871586321982e-06
4.3273394495 1.9263608995335444e-06
4.3339449541 1.8934757983268512e-06
4.3405504587 1.8937656843448189e-06
4.3471559633 1.8691498681098010e-06
4.3537614679 1.8548700251582880e-06
4.3603669725 1.7749801433493331e-06
4.3669724771 1.7974606328585423e-06
4.3735779817 1.7933925790776248e-06
4.3801834862 1.7676921224346391e-06
4.3867889908 1.7635727523231467e-06
4.3933944954 1.7881183331966607e-06
4.4000000000 1.8143947498230359e-06
4.4066055046 1.7763090930273726e-06
4.4132110092 1.7559356458021063e-06
4.4198165138 1.7659472534334222e-06
4.4264220183 1.7676918139969615e-06
4.4330275229 1.7744565867073519e-06
4.4396330275 1.7722371468610988e-06
4.4462385321 1.8177477645500583e-06
4.4528440367 1.8442212198648021e-06
4.4594495413 1.8246713994331455e-06
4.4660550459 1.8411288980961019e-06
4.4726605505 1.8173469444016810e-06
4.4792660550 1.7932729580791086e-06
4.4858715596 1.8550763925122088e-06
4.4924770642 1.8331335937594979e-06
4.4990825688 1.8981448149423229e-06
4.5056880734 1.8567872116212655e-06
4.5122935780 1.8997288469168423e-06
4.5188990826 1.9237037596986257e-06
4.5255045872 1.9036116366449251e-06
4.5321100917 1.9059397804503904e-06
4.5387155963 1.8809088830319884e-06
4.5453211009 1.9269764160650745e-06
4.5519266055 1.9025552618176265e-06
4.5585321101 1.9193632299432170e-06
4.5651376147 1.9152468670799766e-06
4.5717431193 1.9300951312886444e-06
4.5783486239 1.9180822885945612e-06
4.5849541284 1.8895070909888773e-06
4.5915596330 1.9455093762515323e-06
4.5981651376 1.8885435741149943e-06
4.6047706422 1.8822101155673220e-06
4.6113761468 1.8562491755238400e-06
4.6179816514 1.8731472442640049e-06
4.6245871560 1.8597336826586515e-06
4.6311926606 1.8306541348827449e-06
4.6377981651 1.7930203961910418e-06
4.6444036697 1.7843452131065483e-06
4.6510091743 1.7797653357668192e-06
4.6576146789 1.7699303564159565e-06
4.6642201835 1.7328513795267792e-06
4.6708256881 1.7290793948355371e-06
4.6774311927 1.6611865151005841e-06
4.6840366972 1.6521779878239000e-06
4.6906422018 1.6251514638637973e-06
4.6972477064 1.6200439272970654e-06
4.7038532110 1.5946588991397219e-06
4.7104587156 1.5358423562843999e-06
4.7170642202 1.5162479999252377e-06
4.7236697248 1.4853980513230929e-06
4.7302752294 1.4743175414075501e-06
4.7368807339 1.4604869649885637e-06
4.7434862385 1.4252797485174598e-06
4.7500917431 1.3833716280679151e-06
4.7566972477 1.3614188329391530e-06
4.7633027523 1.3222286140195557e-06
4.7699082569 1.2923860999178870e-06
4.7765137615 1.2643563393028592e-06
4.7831192661 1.2476108316305535e-06
4.7897247706 1.2339816336885877e-06
4.7963302752 1.2110741631053174e-06
4.8029357798 1.1917236208125539e-06
4.8095412844 1.1632955997912814e-06
4.8161467890 1.1432376926535241e-06
4.8227522936 1.1555349453786424e-06
4.8293577982 1.1321912431652509e-06
4.8359633028 1.1217543133869714e-06
4.8425688073 1.0902296372647061e-06
4.8491743119 1.0645594726549255e-06
4.8557798165 1.0658251211425772e-06
4.8623853211 1.0688846110260601e-06
4.8689908257 1.0500770987421515e-06
4.8755963303 1.0431951674482754e-06
4.8822018349 1.0470439408082814e-06
4.8888073394 1.0355225887933440e-06
4.8954128440 1.0339261753593725e-06
4.9020183486 1.0474532578361637e-06
4.9086238532 1.0244554607532987e-06
4.9152293578 1.0330278802092784e-06
4.9218348624 1.0160598760059068e-06
4.9284403670 1.0433987030805207e-06
4.9350458716 1.0284334565082236e-06
4.9416513761 1.0129185955659233e-06
4.9482568807 1.0206669460744008e-06
4.9548623853 1.0388214124492642e-06
4.9614678899 1.0469537483341473e-06
4.9680733945 1.0565899006287646e-06
4.9746788991 1.0403433164234477e-06
4.9812844037 1.0460430475968745e-06
4.9878899083 1.0646150479751842e-06
4.9944954128 1.0656404464383804e-06
5.0011009174 1.0759239927935716e-06
5.0077064220 1.0578037066176252e-06
5.0143119266 1.0777025339873654e-06
5.0209174312 1.0786050443318432e-06
5.0275229358 1.0798969280231847e-06
5.0341284404 1.0801018928234278e-06
5.0407339450 1.1036093395161410e-06
5.0473394495 1.0771690293922388e-06
5.0539449541 1.0919074233295678e-06
5.0605504587 1.1062365053651875e-06
5.0671559633 1.0838715937495434e-06
5.0737614679 1.0681758113509457e-06
5.0803669725 1.0791638851778906e-06
5.0869724771 1.0976472815544857e-06
5.0935779817 1.0777691432929108e-06
5.1001834862 1.0835355148876695e-06
5.1067889908 1.0819384314096661e-06
5.1133944954 1.0810629687288024e-06
5.1200000000 1.0751876665200821e-06
5.1266055046 1.0714168228452218e-06
5.1332110092 1.0428186803584825e-06
5.1398165138 1.0246701900124785e-06
5.1464220183 1.0406842549016078e-06
5.1530275229 1.0371620556034778e-06
5.1596330275 1.0243895031934399e-06
5.1662385321 1.0111825068446236e-06
5.1728440367 1.0007073816480893e-06
5.1794495413 9.7316148783423302e-07
5.1860550459 9.7767203971373567e-07
5.1926605505 9.4465173141098193e-07
5.1992660550 9.5844598956938070e-07
5.2058715596 9.2103675987590797e-07
5.2124770642 9.0575744337642279e-07
5.2190825688 9.1933841873440409e-07
5.2256880734 9.0901487185293830e-07
5.2322935780 8.7457248919483389e-07
5.2388990826 8.7779382356445029e-07
5.2455045872 8.4721305074061070e-07
5.2521100917 8.3500860407608265e-07
5.2587155963 8.2170762484490925e-07
5.2653211009 8.2567729470363620e-07
5.2719266055 8.0008054079116170e-07
5.2785321101 7.9532666943380433e-07
5.2851376147 7.6232460340742304e-07
5.2917431193 7.6706073799461744e-07
5.2983486239 7.5539037147934411e-07
5.3049541284 7.3711261528429424e-07
5.3115596330 7.4028187079918301e-07
5.3181651376 7.2860457775963427e-07
5.3247706422 7.2271225337758427e-07
5.3313761468 7.0220212934410991e-07
5.3379816514 7.0104007400487609e-07
5.3445871560 6.7516017220817863e-07
5.3511926606 6.8273231202803070e-07
5.3577981651 6.6729323545921687e-07
5.3644036697 6.8108755889732373e-07
5.3710091743 6.6331517578592456e-07
5.3776146789 6.5901951144154589e-07
5.3842201835 6.4635064819867887e-07
5.3908256881 6.4566691439792693e-07
5.3974311927 6.5584658142768718e-07
5.4040366972 6.5901763920653098e-07
5.4106422018 6.5641982024252330e-07
5.4172477064 6.5017341138726065e-07
5.4238532110 6.3776629729859731e-07
5.4304587156 6.3605979734879207e-07
5.4370642202 6.4736579125660655e-07
5.4436697248 6.4706914132691712e-07
5.4502752294 6.4798706808621310e-07
5.4568807339 6.4598787997523531e-07
5.4634862385 6.4464471261629887e-07
5.4700917431 6.4268495129311654e-07
5.4766972477 6.3731753563506729e-07
5.4833027523 6.6128217480021262e-07
5.4899082569 6.5476469069027604e-07
5.4965137615 6.6198343664141890e-07
5.5031192661 6.5864614866299581e-07
5.5097247706 6.5187218459635456e-07
5.5163302752 6.6268888032046637e-07
5.5229357798 6.6630334954247701e-07
5.5295412844 6.6826985285769437e-07
5.5361467890 6.7245087922691592e-07
5.5427522936 6.5353065223958876e-07
5.5493577982 6.8216927880346512e-07
5.5559633028 6.5076795944340481e-07
5.5625688073 6.7282728481795454e-07
5.5691743119 6.6531183577305135e-07
5.5757798165 6.6625211791369436e-07
5.5823853211 6.6068170659658649e-07
5.5889908257 6.6671211281724227e-07
5.5955963303 6.6408941672114698e-07
5.6022018349 6.6888153361698271e-07
5.6088073394 6.7334608614511206e-07
5.6154128440 6.6661202614693057e-07
5.6220183486 6.6369833074929273e-07
5.6286238532 6.5389249056616325e-07
5.6352293578 6.4619719602346900e-07
5.6418348624 6.5386835080852414e-07
5.6484403670 6.3440653157404915e-07
5.6550458716 6.4998662922524121e-07
5.6616513761 6.3134659285121678e-07
5.6682568807 6.2893817442751999e-07
5.6748623853 6.2511007977614040e-07
5.6814678899 6.2351730009512668e-07
5.6880733945 6.1581137813710983e-07
5.6946788991 6.0848385752265763e-07
5.7012844037 6.0088913311757337e-07
5.7078899083 5.9000950373159434e-07
5.7144954128 5.8471708662386976e-07
5.7211009174 5.8066897244348718e-07
5.7277064220 5.8832096653185704e-07
5.7343119266 5.7265266496062553e-07
5.7409174312 5.6292332496639180e-07
5.7475229358 5.4706126144691682e-07
5.7541284404 5.5723883535297524e-07
5.7607339450 5.4521348114356983e-07
5.7673394495 5.3240118354086614e-07
5.7739449541 5.3401512559532949e-07
5.7805504587 5.2280934006234321e-07
5.7871559633 5.1060401051660991e-07
5.7937614679 5.0483872567112093e-07
5.8003669725 4.9715563958428893e-07
5.8069724771 4.9723259816271372e-07
5.8135779817 5.0133442434919188e-07
5.8201834862 4.9183751921428805e-07
5.8267889908 4.7707285104471576e-07
5.8333944954 4.7342384857188324e-07
5.8400000000 4.7594010187927955e-07
5.8466055046 4.7057520186168702e-07
5.8532110092 4.6778580082423373e-07
5.8598165138 4.6380674536021116e-07
5.8664220183 4.5593273437380024e-07
5.8730275229 4.5324870313781524e-07
5.8796330275 4.5106665153440685e-07
5.8862385321 4.5385591913369609e-07
5.8928440367 4.4154408031814695e-07
5.8994495413 4.4439211593845742e-07
5.9060550459 4.4630991871567243e-07
5.9126605505 4.4999639133508069e-07
5.9192660550 4.3927094244568017e-07
5.9258715596 4.4200926505142962e-07
5.9324770642 4.4389737589684849e-07
5.9390825688 4.4014126695222285e-07
5.9456880734 4.3679264111092556e-07
5.9522935780 4.3975225989482148e-07
5.9588990826 4.4214170530775873e-07
5.9655045872 4.4259256814914630e-07
5.9721100917 4.4945597230367968e-07
5.9787155963 4.4544910641145747e-07
5.9853211009 4.4180580671224368e-07
5.9919266055 4.4686792550900065e-07
5.9985321101 4.4385186731712177e-07
6.0051376147 4.4240997672788667e-07
6.0117431193 4.4461427585327728e-07
6.0183486239 4.4803851411209088e-07
6.0249541284 4.4315987551637799e-07
6.0315596330 4.5636207674848146e-07
6.0381651376 4.5488462794091428e-07
6.0447706422 4.4732338352630085e-07
6.0513761468 4.5139209212598280e-07
6.0579816514 4.5021364223451011e-07
6.0645871560 4.5601845273444816e-07
6.0711926606 4.5198933236628449e-07
6.0777981651 4.5296282131781064e-07
6.0844036697 4.4987797068638023e-07
6.0910091743 4.5051039248256904e-07
6.0976146789 4.4900900653370394e-07
6.1042201835 4.4217062704219219e-07
6.1108256881 4.5208874818038798e-07
6.1174311927 4.4565137165973021e-07
6.1240366972 4.4217187816963934e-07
6.1306422018 4.5172148477979749e-07
6.1372477064 4.4514241668557418e-07
6.1438532110 4.4021978871330744e-07
6.1504587156 4.3843603241322699e-07
6.1570642202 4.4359417243702751e-07
6.1636697248 4.3334091496654524e-07
6.1702752294 4.2913231677346683e-07
6.1768807339 4.2499278069562562e-07
6.1834862385 4.2077589709850366e-07
6.1900917431 4.1171268445002614e-07
6.1966972477 4.2008509655089233e-07
6.2033027523 4.1712696530913514e-07
6.2099082569 4.1189564569450556e-07
6.2165137615 4.0434251638028857e-07
6.2231192661 4.0160179326918987e-07
6.2297247706 4.0308580017339866e-07
6.2363302752 3.9768081467978035e-07
6.2429357798 3.9358455557014779e-07
6.2495412844 3.9338473401541924e-07
6.2561467890 3.8678952036881079e-07
6.2627522936 3.8478211565248100e-07
6.2693577982 3.7908960842311418e-07
6.2759633028 3.8147295498848423e-07
6.2825688073 3.7658636405843464e-07
6.2891743119 3.7351648032665748e-07
6.2957798165 3.7542185927687853e-07
6.3023853211 3.6623880302479676e-07
6.3089908257 3.5805488177981033e-07
6.3155963303 3.5957581126687620e-07
6.3222018349 3.6021133145103041e-07
6.3288073394 3.6563344701816947e-07
6.3354128440 3.5440289240197670e-07
6.3420183486 3.5178089954812320e-07
6.3486238532 3.4792197546000880e-07
6.3552293578 3.4480664008053707e-07
6.3618348624 3.5049121397887878e-07
6.3684403670 3.4280501242575205e-07
6.3750458716 3.3912645585320596e-07
6.3816513761 3.4522025688765722e-07
6.3882568807 3.4101201444277875e-07
6.3948623853 3.3601780177764976e-07
6.4014678899 3.3395412405718709e-07
6.4080733945 3.3441886033305742e-07
6.4146788991 3.3893220712234575e-07
6.4212844037 3.2954043405656657e-07
6.4278899083 3.3787819310880775e-07
6.4344954128 3.3293701876807322e-07
6.4411009174 3.3181411459139295e-07
6.4477064220 3.3966937084907669e-07
6.4543119266 3.3279251442775711e-07
6.4609174312 3.3060234846495783e-07
6.4675229358 3.3304527718011150e-07
6.4741284404 3.3027976192744385e-07
6.4807339450 3.2977073003009060e-07
6.4873394495 3.3446053012930562e-07
6.4939449541 3.2811423322968717e-07
6.5005504587 3.2828937388137281e-07
6.5071559633 3.3377007487413838e-07
6.5137614679 3.3689857957788133e-07
6.5203669725 3.3004181470954851e-07
6.5269724771 3.2985485462040053e-07
6.5335779817 3.3387610372675900e-07
6.5401834862 3.3352109827440897e-07
6.5467889908 3.3466407591842509e-07
6.5533944954 3.2968920177698935e-07
6.5600000000 3.3275011048036884e-07
6.5666055046 3.3739545269621503e-07
6.5732110092 3.3080940480032648e-07
6.5798165138 3.3310722784884575e-07
6.5864220183 3.3575819122728757e-07
6.5930275229 3.3892141681557379e-07
6.5996330275 3.3124964476133728e-07
6.6062385321 3.3527452885295484e-07
6.6128440367 3.3773770157016168e-07
6.6194495413 3.2639972766005135e-07
6.6260550459 3.3406550917250312e-07
6.6326605505 3.2589254376944566e-07
6.6392660550 3.2800756271038798e-07
6.6458715596 3.3290372813066139e-07
6.6524770642 3.2290722534099976e-07
6.6590825688 3.2260337292323367e-07
6.6656880734 3.2625521346219852e-07
6.6722935780 3.2594243669750984e-07
6.6788990826 3.2538359348778709e-07
6.6855045872 3.2421233206869941e-07
6.6921100917 3.2753420880459108e-07
6.6987155963 3.2136830884663778e-07
6.7053211009 3.1198908032373586e-07
6.7119266055 3.1712925421883163e-07
6.7185321101 3.1843584235482701e-07
6.7251376147 3.0827583739908899e-07
6.7317431193 3.0818431638605373e-07
6.7383486239 3.0405270339190768e-07
6.7449541284 3.1458848950443675e-07
6.7515596330 3.1088128887816617e-07
6.7581651376 3.0911156890786602e-07
6.7647706422 3.0330914761095413e-07
6.7713761468 2.9711860455747306e-07
6.7779816514 2.9949938077879431e-07
6.7845871560 3.0231937901556184e-07
6.7911926606 2.9588156647240355e-07
6.7977981651 2.9301566240483114e-07
6.8044036697 2.9747691236680043e-07
6.8110091743 2.9015787705659062e-07
6.8176146789 2.8467527676195759e-07
6.8242201835 2.8856236127332649e-07
6.8308256881 2.8526733657735675e-07
6.8374311927 2.8776923771065193e-07
6.8440366972 2.8491857369276643e-07
6.8506422018 2.7849291470124458e-07
6.8572477064 2.7931758108489012e-07
6.8638532110 2.7753720283175247e-07
6.8704587156 2.7737791522885964e-07
6.8770642202 2.8080995452641465e-07
6.8836697248 2.7643320867866046e-07
6.8902752294 2.7693709945814731e-07
6.8968807339 2.7688665653088783e-07
6.9034862385 2.7627309632781073e-07
6.9100917431 2.7212016739360896e-07
6.9166972477 2.7434400827179004e-07
6.9233027523 2.7391106613293044e-07
6.9299082569 2.7728746300503098e-07
6.9365137615 2.7749910239492224e-07
6.9431192661 2.7376165448603021e-07
6.9497247706 2.7563221639298520e-07
6.9563302752 2.7350764359938030e-07
6.9629357798 2.7398943067569743e-07
6.9695412844 2.6642062937450056e-07
6.9761467890 2.7207254389694080e-07
6.9827522936 2.6842238563362087e-07
6.9893577982 2.7102527784397879e-07
6.9959633028 2.7277262150347004e-07
7.0025688073 2.6929173399861557e-07
7.0091743119 2.6759920148467559e-07
7.0157798165 2.7275994146025591e-07
7.0223853211 2.7680798296951813e-07
7.0289908257 2.7327309955295971e-07
7.0355963303 2.7116420013233354e-07
7.0422018349 2.7058008063329578e-07
7.0488073394 2.7320455551235497e-07
7.0554128440 2.7117599567916865e-07
7.0620183486 2.6385462145132092e-07
7.0686238532 2.7152466866858489e-07
7.0752293578 2.7464146946438704e-07
7.0818348624 2.7443053183747992e-07
7.0884403670 2.7003331068293019e-07
7.0950458716 2.7321188012750804e-07
7.1016513761 2.6882500582570698e-07
7.1082568807 2.7744996741261450e-07
7.1148623853 2.7305539933295359e-07
7.1214678899 2.7028712800454812e-07
7.1280733945 2.6974624236563693e-07
7.1346788991 2.6661179289951444e-07
7.1412844037 2.6880164312025507e-07
7.1478899083 2.7496365131389493e-07
7.1544954128 2.6654136419323826e-07
7.1611009174 2.6683243098480830e-07
7.1677064220 2.6496638576226473e-07
7.1743119266 2.6456052672015195e-07
7.1809174312 2.6445751760014827e-07
7.1875229358 2.6440256686257505e-07
7.1941284404 2.6513843465825767e-07
7.2007339450 2.5992262754828084e-07
7.2073394495 2.6604919732798924e-07
7.2139449541 2.6719040775706984e-07
7.2205504587 2.6167233330185907e-07
7.2271559633 2.5909101769657116e-07
7.2337614679 2.5970120404214037e-07
7.2403669725 2.5767863476399586e-07
7.2469724771 2.5580371760666208e-07
7.2535779817 2.5737726842778153e-07
7.2601834862 2.5602524628911110e-07
7.2667889908 2.6009927196981658e-07
7.2733944954 2.5389331898559353e-07
7.2800000000 2.5785265883645478e-07
7.2866055046 2.5079012669969328e-07
7.2932110092 2.5262494467095162e-07
7.2998165138 2.5676519629508958e-07
7.3064220183 2.4896874859964220e-07
7.3130275229 2.5127178850964223e-07
7.3196330275 2.4909407743842026e-07
7.3262385321 2.4709303080577938e-07
7.3328440367 2.4411080039317345e-07
7.3394495413 2.4990825138015167e-07
7.3460550459 2.4473000762791687e-07
7.3526605505 2.4719807735756908e-07
7.3592660550 2.4680183968036065e-07
7.3658715596 2.4582259974592142e-07
7.3724770642 2.4567368280626479e-07
7.3790825688 2.4170422604500109e-07
7.3856880734 2.4652361536786598e-07
7.3922935780 2.4611718176300117e-07
7.3988990826 2.4427345432194191e-07
7.4055045872 2.4050550457820494e-07
7.4121100917 2.3926126422711597e-07
7.4187155963 2.4246030705697706e-07
7.4253211009 2.3593013375352909e-07
7.4319266055 2.4395263868720598e-07
7.4385321101 2.4456655864035662e-07
7.4451376147 2.3861922026020262e-07
7.4517431193 2.3930348360246067e-07
7.4583486239 2.3725728775806085e-07
7.4649541284 2.4103051725346731e-07
7.4715596330 2.3730210375001387e-07
7.4781651376 2.4155324128805488e-07
7.4847706422 2.3869340836243730e-07
7.4913761468 2.3671904959736502e-07
7.4979816514 2.3359206854718617e-07
7.5045871560 2.4081274794666468e-07
7.5111926606 2.4370851482904209e-07
7.5177981651 2.4056976581006127e-07
7.5244036697 2.3851247453454964e-07
7.5310091743 2.3758256833491382e-07
7.5376146789 2.3935897717629661e-07
7.5442201835 2.4073427110650359e-07
7.5508256881 2.3713309074650286e-07
7.5574311927 2.4382227603275325e-07
7.5640366972 2.3580122289850999e-07
7.5706422018 2.4105861991166329e-07
7.5772477064 2.4040498740914518e-07
7.5838532110 2.3691482713995402e-07
7.5904587156 2.3907079802819319e-07
7.5970642202 2.3756347497906476e-07
7.6036697248 2.4218107416515035e-07
7.6102752294 2.3159780438139708e-07
7.6168807339 2.3625407498539241e-07
7.6234862385 2.3643460674633279e-07
7.6300917431 2.3678627113712883e-07
7.6366972477 2.3721683264615694e-07
7.6433027523 2.3530903486858959e-07
7.6499082569 2.3724067936885858e-07
7.6565137615 2.3676429782835416e-07
7.6631192661 2.3296896800306842e-07
7.6697247706 2.3712748306269320e-07
7.6763302752 2.3868120280541915e-07
7.6829357798 2.2994883431380106e-07
7.6895412844 2.3496596434001394e-07
7.6961467890 2.3423748380013378e-07
7.7027522936 2.3633267611984716e-07
7.7093577982 2.3990769090126055e-07
7.7159633028 2.3306273278830612e-07
7.7225688073 2.3549322563908694e-07
7.7291743119 2.2963159152573069e-07
7.7357798165 2.3226521171538885e-07
7.7423853211 2.3151428874658654e-07
7.7489908257 2.3018950150453935e-07
7.7555963303 2.3242140387994425e-07
7.7622018349 2.3073233141403030e-07
7.7688073394 2.3331522310210337e-07
7.7754128440 2.2685564554457211e-07
7.7820183486 2.3090270736776308e-07
7.7886238532 2.2925231103710754e-07
7.7952293578 2.2658851274972341e-07
7.8018348624 2.2834415409055012e-07
7.8084403670 2.2910420433752480e-07
7.8150458716 2.3185172172610168e-07
7.8216513761 2.2720570316336270e-07
7.8282568807 2.2468413990909257e-07
7.8348623853 2.2760452918273573e-07
7.8414678899 2.2627930064188047e-07
7.8480733945 2.2657595745233828e-07
7.8546788991 2.2529843714371802e-07
7.8612844037 2.2225543701113165e-07
7.8678899083 2.2402896760469202e-07
7.8744954128 2.2796914290769237e-07
7.8811009174 2.2493638491216686e-07
7.8877064220 2.2464777865044669e-07
7.8943119266 2.2008250080879167e-07
7.9009174312 2.2091122585612212e-07
7.9075229358 2.2525316664489497e-07
7.9141284404 2.2529021314649983e-07
7.9207339450 2.1962268049167667e-07
7.9273394495 2.2404908665081127e-07
7.9339449541 2.2699233646602570e-07
7.9405504587 2.1888093219453751e-07
7.9471559633 2.2011070473322392e-07
7.9537614679 2.2162249466337158e-07
7.9603669725 2.2336747061016874e-07
7.9669724771 2.2396486691256712e-07
7.9735779817 2.2141465336202811e-07
7.9801834862 2.2196861748203547e-07
7.9867889908 2.1827353656786992e-07
7.9933944954 2.2161986712327134e-07
8.0000000000 2.1711420426334720e-07
